20
17 37 8 37 32 34 10 24 30 33 46 50 31 7 42 44 35 20 
13 35 43 46 46 45 46 48 8 49 23 6 30 47 
9 43 32 4 28 38 4 30 50 39 
18 16 40 25 15 3 49 27 36 10 10 17 18 13 27 16 3 31 25
13 48 16 47 16 15 24 12 38 43 13 19 28 27 
11 21 37 40 37 32 32 22 33 33 5 32 
18 13 45 6 5 3 34 24 29 46 50 36 21 22 10 13 2 35 1 
7 8 14 40 40 44 48 20 
11 32 43 32 6 35 32 11 27 39 6 35 
11 36 13 23 19 36 5 40 34 50 45 10 
7 44 14 24 3 31 9 12 
7 16 4 49 19 1 37 41 
17 1 6 38 32 44 45 22 2 12 31 39 23 6 23 10 50 12
9 16 11 26 19 46 39 28 24 13 
16 49 40 44 4 2 39 12 47 41 4 30 46 32 25 42 5 
7 27 10 11 18 28 6 46 
7 25 32 43 47 12 49 31 
13 36 42 24 4 40 29 27 42 25 3 9 23 2
19 47 5 50 28 34 25 13 47 14 37 6 35 49 44 48 31 6 40 34 
12 18 32 1 20 18 32 22 21 8 50 25 37
6 10 989 2 935 1949359188 106 592 990 0 102 0 130 12529044 987 21 154 1676970775 975 29287 263 779174475
0
5
8 3 3 5 6 9 13 19 45
13 5 6 7 8 9 1 1 2 10 20 30 40 50
4 17 19 23 29
16 2 4 6 8 10 12 14 16 18 20 22 24 26 28 30 32
7 16 39 40 41 42 43 49
5 10 32 0 46 0 60 145 87 1595 138 2396 171 682 172 540 173 616 179 410 180 311
0
1
4 1 10 15 20
5 5 2 3 3 1 11 3 16 4 26 1
1
6 1 2 3 4 5 6
6 3 7 6 2 1 13 1
4
6 1 2 3 4 5 6
4 1 2 2 3
3 3 7 9
8 1 4 5 9 23 24 30 38
4 4 48 57 51 37 56 31 63 11
0