999
2 3
0 0
4 5
0 0
6 7
0 0
8 9
0 0
10 11
0 0
12 13
0 0
14 15
0 0
16 17
0 0
18 19
0 0
20 21
0 0
22 23
0 0
24 25
0 0
26 27
0 0
28 29
0 0
30 31
0 0
32 33
0 0
34 35
0 0
36 37
0 0
38 39
0 0
40 41
0 0
42 43
0 0
44 45
0 0
46 47
0 0
48 49
0 0
50 51
0 0
52 53
0 0
54 55
0 0
56 57
0 0
58 59
0 0
60 61
0 0
62 63
0 0
64 65
0 0
66 67
0 0
68 69
0 0
70 71
0 0
72 73
0 0
74 75
0 0
76 77
0 0
78 79
0 0
80 81
0 0
82 83
0 0
84 85
0 0
86 87
0 0
88 89
0 0
90 91
0 0
92 93
0 0
94 95
0 0
96 97
0 0
98 99
0 0
100 101
0 0
102 103
0 0
104 105
0 0
106 107
0 0
108 109
0 0
110 111
0 0
112 113
0 0
114 115
0 0
116 117
0 0
118 119
0 0
120 121
0 0
122 123
0 0
124 125
0 0
126 127
0 0
128 129
0 0
130 131
0 0
132 133
0 0
134 135
0 0
136 137
0 0
138 139
0 0
140 141
0 0
142 143
0 0
144 145
0 0
146 147
0 0
148 149
0 0
150 151
0 0
152 153
0 0
154 155
0 0
156 157
0 0
158 159
0 0
160 161
0 0
162 163
0 0
164 165
0 0
166 167
0 0
168 169
0 0
170 171
0 0
172 173
0 0
174 175
0 0
176 177
0 0
178 179
0 0
180 181
0 0
182 183
0 0
184 185
0 0
186 187
0 0
188 189
0 0
190 191
0 0
192 193
0 0
194 195
0 0
196 197
0 0
198 199
0 0
200 201
0 0
202 203
0 0
204 205
0 0
206 207
0 0
208 209
0 0
210 211
0 0
212 213
0 0
214 215
0 0
216 217
0 0
218 219
0 0
220 221
0 0
222 223
0 0
224 225
0 0
226 227
0 0
228 229
0 0
230 231
0 0
232 233
0 0
234 235
0 0
236 237
0 0
238 239
0 0
240 241
0 0
242 243
0 0
244 245
0 0
246 247
0 0
248 249
0 0
250 251
0 0
252 253
0 0
254 255
0 0
256 257
0 0
258 259
0 0
260 261
0 0
262 263
0 0
264 265
0 0
266 267
0 0
268 269
0 0
270 271
0 0
272 273
0 0
274 275
0 0
276 277
0 0
278 279
0 0
280 281
0 0
282 283
0 0
284 285
0 0
286 287
0 0
288 289
0 0
290 291
0 0
292 293
0 0
294 295
0 0
296 297
0 0
298 299
0 0
300 301
0 0
302 303
0 0
304 305
0 0
306 307
0 0
308 309
0 0
310 311
0 0
312 313
0 0
314 315
0 0
316 317
0 0
318 319
0 0
320 321
0 0
322 323
0 0
324 325
0 0
326 327
0 0
328 329
0 0
330 331
0 0
332 333
0 0
334 335
0 0
336 337
0 0
338 339
0 0
340 341
0 0
342 343
0 0
344 345
0 0
346 347
0 0
348 349
0 0
350 351
0 0
352 353
0 0
354 355
0 0
356 357
0 0
358 359
0 0
360 361
0 0
362 363
0 0
364 365
0 0
366 367
0 0
368 369
0 0
370 371
0 0
372 373
0 0
374 375
0 0
376 377
0 0
378 379
0 0
380 381
0 0
382 383
0 0
384 385
0 0
386 387
0 0
388 389
0 0
390 391
0 0
392 393
0 0
394 395
0 0
396 397
0 0
398 399
0 0
400 401
0 0
402 403
0 0
404 405
0 0
406 407
0 0
408 409
0 0
410 411
0 0
412 413
0 0
414 415
0 0
416 417
0 0
418 419
0 0
420 421
0 0
422 423
0 0
424 425
0 0
426 427
0 0
428 429
0 0
430 431
0 0
432 433
0 0
434 435
0 0
436 437
0 0
438 439
0 0
440 441
0 0
442 443
0 0
444 445
0 0
446 447
0 0
448 449
0 0
450 451
0 0
452 453
0 0
454 455
0 0
456 457
0 0
458 459
0 0
460 461
0 0
462 463
0 0
464 465
0 0
466 467
0 0
468 469
0 0
470 471
0 0
472 473
0 0
474 475
0 0
476 477
0 0
478 479
0 0
480 481
0 0
482 483
0 0
484 485
0 0
486 487
0 0
488 489
0 0
490 491
0 0
492 493
0 0
494 495
0 0
496 497
0 0
498 499
0 0
500 501
0 0
502 503
0 0
504 505
0 0
506 507
0 0
508 509
0 0
510 511
0 0
512 513
0 0
514 515
0 0
516 517
0 0
518 519
0 0
520 521
0 0
522 523
0 0
524 525
0 0
526 527
0 0
528 529
0 0
530 531
0 0
532 533
0 0
534 535
0 0
536 537
0 0
538 539
0 0
540 541
0 0
542 543
0 0
544 545
0 0
546 547
0 0
548 549
0 0
550 551
0 0
552 553
0 0
554 555
0 0
556 557
0 0
558 559
0 0
560 561
0 0
562 563
0 0
564 565
0 0
566 567
0 0
568 569
0 0
570 571
0 0
572 573
0 0
574 575
0 0
576 577
0 0
578 579
0 0
580 581
0 0
582 583
0 0
584 585
0 0
586 587
0 0
588 589
0 0
590 591
0 0
592 593
0 0
594 595
0 0
596 597
0 0
598 599
0 0
600 601
0 0
602 603
0 0
604 605
0 0
606 607
0 0
608 609
0 0
610 611
0 0
612 613
0 0
614 615
0 0
616 617
0 0
618 619
0 0
620 621
0 0
622 623
0 0
624 625
0 0
626 627
0 0
628 629
0 0
630 631
0 0
632 633
0 0
634 635
0 0
636 637
0 0
638 639
0 0
640 641
0 0
642 643
0 0
644 645
0 0
646 647
0 0
648 649
0 0
650 651
0 0
652 653
0 0
654 655
0 0
656 657
0 0
658 659
0 0
660 661
0 0
662 663
0 0
664 665
0 0
666 667
0 0
668 669
0 0
670 671
0 0
672 673
0 0
674 675
0 0
676 677
0 0
678 679
0 0
680 681
0 0
682 683
0 0
684 685
0 0
686 687
0 0
688 689
0 0
690 691
0 0
692 693
0 0
694 695
0 0
696 697
0 0
698 699
0 0
700 701
0 0
702 703
0 0
704 705
0 0
706 707
0 0
708 709
0 0
710 711
0 0
712 713
0 0
714 715
0 0
716 717
0 0
718 719
0 0
720 721
0 0
722 723
0 0
724 725
0 0
726 727
0 0
728 729
0 0
730 731
0 0
732 733
0 0
734 735
0 0
736 737
0 0
738 739
0 0
740 741
0 0
742 743
0 0
744 745
0 0
746 747
0 0
748 749
0 0
750 751
0 0
752 753
0 0
754 755
0 0
756 757
0 0
758 759
0 0
760 761
0 0
762 763
0 0
764 765
0 0
766 767
0 0
768 769
0 0
770 771
0 0
772 773
0 0
774 775
0 0
776 777
0 0
778 779
0 0
780 781
0 0
782 783
0 0
784 785
0 0
786 787
0 0
788 789
0 0
790 791
0 0
792 793
0 0
794 795
0 0
796 797
0 0
798 799
0 0
800 801
0 0
802 803
0 0
804 805
0 0
806 807
0 0
808 809
0 0
810 811
0 0
812 813
0 0
814 815
0 0
816 817
0 0
818 819
0 0
820 821
0 0
822 823
0 0
824 825
0 0
826 827
0 0
828 829
0 0
830 831
0 0
832 833
0 0
834 835
0 0
836 837
0 0
838 839
0 0
840 841
0 0
842 843
0 0
844 845
0 0
846 847
0 0
848 849
0 0
850 851
0 0
852 853
0 0
854 855
0 0
856 857
0 0
858 859
0 0
860 861
0 0
862 863
0 0
864 865
0 0
866 867
0 0
868 869
0 0
870 871
0 0
872 873
0 0
874 875
0 0
876 877
0 0
878 879
0 0
880 881
0 0
882 883
0 0
884 885
0 0
886 887
0 0
888 889
0 0
890 891
0 0
892 893
0 0
894 895
0 0
896 897
0 0
898 899
0 0
900 901
0 0
902 903
0 0
904 905
0 0
906 907
0 0
908 909
0 0
910 911
0 0
912 913
0 0
914 915
0 0
916 917
0 0
918 919
0 0
920 921
0 0
922 923
0 0
924 925
0 0
926 927
0 0
928 929
0 0
930 931
0 0
932 933
0 0
934 935
0 0
936 937
0 0
938 939
0 0
940 941
0 0
942 943
0 0
944 945
0 0
946 947
0 0
948 949
0 0
950 951
0 0
952 953
0 0
954 955
0 0
956 957
0 0
958 959
0 0
960 961
0 0
962 963
0 0
964 965
0 0
966 967
0 0
968 969
0 0
970 971
0 0
972 973
0 0
974 975
0 0
976 977
0 0
978 979
0 0
980 981
0 0
982 983
0 0
984 985
0 0
986 987
0 0
988 989
0 0
990 991
0 0
992 993
0 0
994 995
0 0
996 997
0 0
998 999
0 0
