22 0
11 1
34 2
17 3
52 4
26 5
13 6
40 7
20 8
10 9
5 10
16 11
8 12
4 13
2 14
1 15
13
7 needs 14 steps, 8 needs 1 steps, they meet at 4
82 0
41 1
124 2
62 3
31 4
94 5
47 6
142 7
71 8
214 9
107 10
322 11
161 12
484 13
242 14
121 15
364 16
182 17
91 18
274 19
137 20
412 21
206 22
103 23
310 24
155 25
466 26
233 27
700 28
350 29
175 30
526 31
263 32
790 33
395 34
1186 35
593 36
1780 37
890 38
445 39
1336 40
668 41
334 42
167 43
502 44
251 45
754 46
377 47
1132 48
566 49
283 50
850 51
425 52
1276 53
638 54
319 55
958 56
479 57
1438 58
719 59
2158 60
1079 61
3238 62
1619 63
4858 64
2429 65
7288 66
3644 67
1822 68
911 69
2734 70
1367 71
4102 72
2051 73
6154 74
3077 75
9232 76
4616 77
2308 78
1154 79
577 80
1732 81
866 82
433 83
1300 84
650 85
325 86
976 87
488 88
244 89
122 90
61 91
184 92
92 93
46 94
23 95
70 96
35 97
106 98
53 99
160 100
80 101
40 102
20 103
10 104
5 105
16 106
8 107
4 108
2 109
1 110
108
27 needs 95 steps, 30 needs 2 steps, they meet at 46
