1
2
6
24
120
720
5040
40320
362880
3.6288e+006
3.99168e+007
4.79002e+008
6.22702e+009
8.71783e+010
1.30767e+012
2.09228e+013
3.55687e+014
6.40237e+015
1.21645e+017
2.4329e+018
5.10909e+019
5.53306e+019
7.55556e+019
6.46025e+019
5.36946e+019
4.28738e+019
3.34079e+019
6.10552e+019
6.00337e+019
3.1461e+019
7.24163e+018
9.6709e+018
9.01389e+019
1.15471e+020
3.39818e+019
9.91576e+019
7.4215e+019
5.13447e+019
1.07984e+020
1.69367e+019
1.25372e+020
1.94223e+019
8.91705e+019
1.06822e+020
1.22907e+020
6.74722e+019
7.27425e+019
1.60719e+020
5.4524e+019
1.23918e+020
1.26397e+020
7.73249e+019
5.25413e+019
2.67663e+019
1.3631e+020
5.55153e+019
