0.000000   8.316000
0.010000   8.325994
0.020000   8.335976
0.030000   8.345946
0.040000   8.355904
0.050000   8.365850
0.060000   8.375784
0.070000   8.385705
0.080000   8.395615
0.090000   8.405513
0.100000   8.415399
0.110000   8.425272
0.120000   8.435134
0.130000   8.444984
0.140000   8.454821
0.150000   8.464647
0.160000   8.474461
0.170000   8.484262
0.180000   8.494052
0.190000   8.503829
0.200000   8.513595
0.210000   8.523348
0.220000   8.533089
0.230000   8.542819
0.240000   8.552536
0.250000   8.562241
0.260000   8.571935
0.270000   8.581616
0.280000   8.591285
0.290000   8.600942
0.300000   8.610587
0.310000   8.620220
0.320000   8.629841
0.330000   8.639450
0.340000   8.649047
0.350000   8.658631
0.360000   8.668204
0.370000   8.677765
0.380000   8.687313
0.390000   8.696850
0.400000   8.706374
0.410000   8.715887
0.420000   8.725387
0.430000   8.734875
0.440000   8.744352
0.450000   8.753816
0.460000   8.763268
0.470000   8.772708
0.480000   8.782136
0.490000   8.791551
0.500000   8.800955
0.510000   8.810347
0.520000   8.819726
0.530000   8.829094
0.540000   8.838449
0.550000   8.847792
0.560000   8.857123
0.570000   8.866442
0.580000   8.875749
0.590000   8.885044
0.600000   8.894327
0.610000   8.903597
0.620000   8.912856
0.630000   8.922102
0.640000   8.931336
0.650000   8.940558
0.660000   8.949768
0.670000   8.958966
0.680000   8.968152
0.690000   8.977325
0.700000   8.986486
0.710000   8.995636
0.720000   9.004773
0.730000   9.013897
0.740000   9.023010
0.750000   9.032111
0.760000   9.041199
0.770000   9.050275
0.780000   9.059339
0.790000   9.068391
0.800000   9.077431
0.810000   9.086458
0.820000   9.095473
0.830000   9.104476
0.840000   9.113467
0.850000   9.122446
0.860000   9.131412
0.870000   9.140366
0.880000   9.149308
0.890000   9.158238
0.900000   9.167155
0.910000   9.176060
0.920000   9.184953
0.930000   9.193834
0.940000   9.202703
0.950000   9.211559
0.960000   9.220403
0.970000   9.229235
0.980000   9.238054
0.990000   9.246861
1.000000   9.255656
1.010000   9.264439
1.020000   9.273209
1.030000   9.281967
1.040000   9.290712
1.050000   9.299446
1.060000   9.308167
1.070000   9.316876
1.080000   9.325572
1.090000   9.334256
1.100000   9.342928
1.110000   9.351587
1.120000   9.360234
1.130000   9.368869
1.140000   9.377491
1.150000   9.386101
1.160000   9.394698
1.170000   9.403283
1.180000   9.411856
1.190000   9.420417
1.200000   9.428964
1.210000   9.437500
1.220000   9.446023
1.230000   9.454534
1.240000   9.463032
1.250000   9.471518
1.260000   9.479991
1.270000   9.488452
1.280000   9.496901
1.290000   9.505337
1.300000   9.513760
1.310000   9.522171
1.320000   9.530570
1.330000   9.538956
1.340000   9.547329
1.350000   9.555690
1.360000   9.564039
1.370000   9.572375
1.380000   9.580699
1.390000   9.589009
1.400000   9.597308
1.410000   9.605594
1.420000   9.613867
1.430000   9.622128
1.440000   9.630376
1.450000   9.638611
1.460000   9.646834
1.470000   9.655045
1.480000   9.663242
1.490000   9.671428
1.500000   9.679600
1.510000   9.687760
1.520000   9.695907
1.530000   9.704042
1.540000   9.712163
1.550000   9.720273
1.560000   9.728369
1.570000   9.736453
1.580000   9.744524
1.590000   9.752583
1.600000   9.760628
1.610000   9.768661
1.620000   9.776682
1.630000   9.784689
1.640000   9.792684
1.650000   9.800666
1.660000   9.808635
1.670000   9.816592
1.680000   9.824535
1.690000   9.832466
1.700000   9.840384
1.710000   9.848290
1.720000   9.856182
1.730000   9.864061
1.740000   9.871928
1.750000   9.879782
1.760000   9.887623
1.770000   9.895451
1.780000   9.903266
1.790000   9.911069
1.800000   9.918858
1.810000   9.926635
1.820000   9.934398
1.830000   9.942149
1.840000   9.949886
1.850000   9.957611
1.860000   9.965323
1.870000   9.973021
1.880000   9.980707
1.890000   9.988380
1.900000   9.996040
1.910000  10.003686
1.920000  10.011320
1.930000  10.018940
1.940000  10.026548
1.950000  10.034142
1.960000  10.041724
1.970000  10.049292
1.980000  10.056847
1.990000  10.064389
2.000000  10.071918
2.010000  10.079433
2.020000  10.086936
2.030000  10.094425
2.040000  10.101902
2.050000  10.109364
2.060000  10.116814
2.070000  10.124251
2.080000  10.131674
2.090000  10.139084
2.100000  10.146481
2.110000  10.153864
2.120000  10.161235
2.130000  10.168592
2.140000  10.175935
2.150000  10.183266
2.160000  10.190583
2.170000  10.197886
2.180000  10.205176
2.190000  10.212453
2.200000  10.219717
2.210000  10.226967
2.220000  10.234203
2.230000  10.241427
2.240000  10.248636
2.250000  10.255833
2.260000  10.263015
2.270000  10.270185
2.280000  10.277341
2.290000  10.284483
2.300000  10.291612
2.310000  10.298727
2.320000  10.305828
2.330000  10.312917
2.340000  10.319991
2.350000  10.327052
2.360000  10.334099
2.370000  10.341133
2.380000  10.348153
2.390000  10.355159
2.400000  10.362151
2.410000  10.369130
2.420000  10.376096
2.430000  10.383047
2.440000  10.389985
2.450000  10.396909
2.460000  10.403819
2.470000  10.410715
2.480000  10.417598
2.490000  10.424466
2.500000  10.431321
2.510000  10.438162
2.520000  10.444989
2.530000  10.451803
2.540000  10.458602
2.550000  10.465387
2.560000  10.472159
2.570000  10.478916
2.580000  10.485660
2.590000  10.492389
2.600000  10.499105
2.610000  10.505806
2.620000  10.512494
2.630000  10.519167
2.640000  10.525826
2.650000  10.532471
2.660000  10.539102
2.670000  10.545719
2.680000  10.552322
2.690000  10.558911
2.700000  10.565485
2.710000  10.572045
2.720000  10.578591
2.730000  10.585123
2.740000  10.591640
2.750000  10.598143
2.760000  10.604632
2.770000  10.611107
2.780000  10.617567
2.790000  10.624013
2.800000  10.630444
2.810000  10.636861
2.820000  10.643264
2.830000  10.649652
2.840000  10.656026
2.850000  10.662385
2.860000  10.668729
2.870000  10.675060
2.880000  10.681375
2.890000  10.687676
2.900000  10.693963
2.910000  10.700235
2.920000  10.706492
2.930000  10.712734
2.940000  10.718962
2.950000  10.725176
2.960000  10.731374
2.970000  10.737558
2.980000  10.743727
2.990000  10.749881
3.000000  10.756021
3.010000  10.762145
3.020000  10.768255
3.030000  10.774350
3.040000  10.780430
3.050000  10.786495
3.060000  10.792545
3.070000  10.798580
3.080000  10.804601
3.090000  10.810606
3.100000  10.816596
3.110000  10.822571
3.120000  10.828531
3.130000  10.834476
3.140000  10.840406
3.150000  10.846321
3.160000  10.852220
3.170000  10.858105
3.180000  10.863974
3.190000  10.869828
3.200000  10.875666
3.210000  10.881490
3.220000  10.887298
3.230000  10.893090
3.240000  10.898868
3.250000  10.904630
3.260000  10.910376
3.270000  10.916107
3.280000  10.921823
3.290000  10.927523
3.300000  10.933207
3.310000  10.938876
3.320000  10.944530
3.330000  10.950168
3.340000  10.955790
3.350000  10.961396
3.360000  10.966987
3.370000  10.972562
3.380000  10.978122
3.390000  10.983666
3.400000  10.989193
3.410000  10.994705
3.420000  11.000202
3.430000  11.005682
3.440000  11.011146
3.450000  11.016595
3.460000  11.022027
3.470000  11.027444
3.480000  11.032844
3.490000  11.038229
3.500000  11.043597
3.510000  11.048949
3.520000  11.054285
3.530000  11.059605
3.540000  11.064909
3.550000  11.070197
3.560000  11.075468
3.570000  11.080723
3.580000  11.085961
3.590000  11.091184
3.600000  11.096390
3.610000  11.101579
3.620000  11.106752
3.630000  11.111909
3.640000  11.117049
3.650000  11.122172
3.660000  11.127279
3.670000  11.132369
3.680000  11.137443
3.690000  11.142500
3.700000  11.147540
3.710000  11.152564
3.720000  11.157571
3.730000  11.162561
3.740000  11.167534
3.750000  11.172490
3.760000  11.177429
3.770000  11.182352
3.780000  11.187257
3.790000  11.192145
3.800000  11.197017
3.810000  11.201871
3.820000  11.206708
3.830000  11.211528
3.840000  11.216331
3.850000  11.221116
3.860000  11.225885
3.870000  11.230636
3.880000  11.235369
3.890000  11.240085
3.900000  11.244784
3.910000  11.249466
3.920000  11.254130
3.930000  11.258776
3.940000  11.263405
3.950000  11.268016
3.960000  11.272609
3.970000  11.277185
3.980000  11.281743
3.990000  11.286284
4.000000  11.290806
4.010000  11.295311
4.020000  11.299798
4.030000  11.304267
4.040000  11.308718
4.050000  11.313151
4.060000  11.317565
4.070000  11.321962
4.080000  11.326341
4.090000  11.330701
4.100000  11.335044
4.110000  11.339368
4.120000  11.343673
4.130000  11.347961
4.140000  11.352230
4.150000  11.356480
4.160000  11.360712
4.170000  11.364926
4.180000  11.369121
4.190000  11.373297
4.200000  11.377455
4.210000  11.381594
4.220000  11.385714
4.230000  11.389815
4.240000  11.393898
4.250000  11.397962
4.260000  11.402006
4.270000  11.406032
4.280000  11.410039
4.290000  11.414027
4.300000  11.417995
4.310000  11.421945
4.320000  11.425875
4.330000  11.429786
4.340000  11.433677
4.350000  11.437549
4.360000  11.441402
4.370000  11.445235
4.380000  11.449049
4.390000  11.452843
4.400000  11.456618
4.410000  11.460373
4.420000  11.464108
4.430000  11.467823
4.440000  11.471519
4.450000  11.475194
4.460000  11.478850
4.470000  11.482486
4.480000  11.486101
4.490000  11.489697
4.500000  11.493272
4.510000  11.496827
4.520000  11.500362
4.530000  11.503877
4.540000  11.507371
4.550000  11.510844
4.560000  11.514298
4.570000  11.517730
4.580000  11.521142
4.590000  11.524534
4.600000  11.527904
4.610000  11.531254
4.620000  11.534583
4.630000  11.537891
4.640000  11.541178
4.650000  11.544444
4.660000  11.547689
4.670000  11.550912
4.680000  11.554115
4.690000  11.557296
4.700000  11.560456
4.710000  11.563594
4.720000  11.566711
4.730000  11.569807
4.740000  11.572881
4.750000  11.575933
4.760000  11.578963
4.770000  11.581972
4.780000  11.584958
4.790000  11.587923
4.800000  11.590866
4.810000  11.593786
4.820000  11.596685
4.830000  11.599561
4.840000  11.602415
4.850000  11.605247
4.860000  11.608056
4.870000  11.610842
4.880000  11.613606
4.890000  11.616348
4.900000  11.619067
4.910000  11.621763
4.920000  11.624436
4.930000  11.627086
4.940000  11.629713
4.950000  11.632317
4.960000  11.634897
4.970000  11.637455
4.980000  11.639989
4.990000  11.642500
5.000000  11.644987
5.010000  11.647451
5.020000  11.649891
5.030000  11.652307
5.040000  11.654700
5.050000  11.657069
5.060000  11.659413
5.070000  11.661734
5.080000  11.664030
5.090000  11.666303
5.100000  11.668551
5.110000  11.670774
5.120000  11.672973
5.130000  11.675148
5.140000  11.677297
5.150000  11.679422
5.160000  11.681523
5.170000  11.683598
5.180000  11.685648
5.190000  11.687673
5.200000  11.689673
5.210000  11.691648
5.220000  11.693597
5.230000  11.695521
5.240000  11.697419
5.250000  11.699291
5.260000  11.701138
5.270000  11.702959
5.280000  11.704753
5.290000  11.706522
5.300000  11.708265
5.310000  11.709981
5.320000  11.711671
5.330000  11.713334
5.340000  11.714971
5.350000  11.716581
5.360000  11.718165
5.370000  11.719721
5.380000  11.721250
5.390000  11.722753
5.400000  11.724228
5.410000  11.725675
5.420000  11.727096
5.430000  11.728488
5.440000  11.729853
5.450000  11.731191
5.460000  11.732500
5.470000  11.733781
5.480000  11.735034
5.490000  11.736259
5.500000  11.737456
5.510000  11.738624
5.520000  11.739763
5.530000  11.740874
5.540000  11.741956
5.550000  11.743009
5.560000  11.744032
5.570000  11.745027
5.580000  11.745992
5.590000  11.746927
5.600000  11.747833
5.610000  11.748710
5.620000  11.749556
5.630000  11.750372
5.640000  11.751158
5.650000  11.751914
5.660000  11.752639
5.670000  11.753334
5.680000  11.753998
5.690000  11.754632
5.700000  11.755234
5.710000  11.755805
5.720000  11.756345
5.730000  11.756853
5.740000  11.757330
5.750000  11.757775
5.760000  11.758188
5.770000  11.758569
5.780000  11.758918
5.790000  11.759234
5.800000  11.759518
5.810000  11.759769
5.820000  11.759988
5.830000  11.760173
5.840000  11.760326
5.850000  11.760445
5.860000  11.760530
5.870000  11.760582
5.880000  11.760600
5.890000  11.760584
5.900000  11.760534
5.910000  11.760449
5.920000  11.760330
5.930000  11.760176
5.940000  11.759988
5.950000  11.759764
5.960000  11.759505
5.970000  11.759210
5.980000  11.758880
5.990000  11.758514
6.000000  11.758112
6.010000  11.757674
6.020000  11.757199
6.030000  11.756688
6.040000  11.756140
6.050000  11.755555
6.060000  11.754932
6.070000  11.754273
6.080000  11.753575
6.090000  11.752840
6.100000  11.752067
6.110000  11.751255
6.120000  11.750405
6.130000  11.749516
6.140000  11.748588
6.150000  11.747621
6.160000  11.746614
6.170000  11.745568
6.180000  11.744482
6.190000  11.743355
6.200000  11.742189
6.210000  11.740981
6.220000  11.739733
6.230000  11.738444
6.240000  11.737113
6.250000  11.735741
6.260000  11.734327
6.270000  11.732871
6.280000  11.731372
6.290000  11.729831
6.300000  11.728246
6.310000  11.726619
6.320000  11.724947
6.330000  11.723232
6.340000  11.721473
6.350000  11.719670
6.360000  11.717822
6.370000  11.715929
6.380000  11.713991
6.390000  11.712007
6.400000  11.709977
6.410000  11.707901
6.420000  11.705779
6.430000  11.703609
6.440000  11.701393
6.450000  11.699129
6.460000  11.696817
6.470000  11.694457
6.480000  11.692049
6.490000  11.689592
6.500000  11.687086
6.510000  11.684530
6.520000  11.681924
6.530000  11.679268
6.540000  11.676561
6.550000  11.673803
6.560000  11.670994
6.570000  11.668133
6.580000  11.665219
6.590000  11.662254
6.600000  11.659235
6.610000  11.656163
6.620000  11.653036
6.630000  11.649856
6.640000  11.646621
6.650000  11.643331
6.660000  11.639986
6.670000  11.636584
6.680000  11.633126
6.690000  11.629611
6.700000  11.626039
6.710000  11.622408
6.720000  11.618720
6.730000  11.614972
6.740000  11.611166
6.750000  11.607299
6.760000  11.603372
6.770000  11.599385
6.780000  11.595336
6.790000  11.591224
6.800000  11.587051
6.810000  11.582814
6.820000  11.578514
6.830000  11.574150
6.840000  11.569720
6.850000  11.565226
6.860000  11.560665
6.870000  11.556038
6.880000  11.551344
6.890000  11.546582
6.900000  11.541751
6.910000  11.536852
6.920000  11.531882
6.930000  11.526842
6.940000  11.521731
6.950000  11.516547
6.960000  11.511292
6.970000  11.505963
6.980000  11.500559
6.990000  11.495081
7.000000  11.489527
7.010000  11.483897
7.020000  11.478190
7.030000  11.472404
7.040000  11.466540
7.050000  11.460596
7.060000  11.454571
7.070000  11.448465
7.080000  11.442276
7.090000  11.436005
7.100000  11.429648
7.110000  11.423207
7.120000  11.416680
7.130000  11.410065
7.140000  11.403362
7.150000  11.396570
7.160000  11.389687
7.170000  11.382714
7.180000  11.375647
7.190000  11.368487
7.200000  11.361233
7.210000  11.353882
7.220000  11.346434
7.230000  11.338887
7.240000  11.331241
7.250000  11.323494
7.260000  11.315645
7.270000  11.307692
7.280000  11.299634
7.290000  11.291469
7.300000  11.283197
7.310000  11.274815
7.320000  11.266322
7.330000  11.257716
7.340000  11.248997
7.350000  11.240161
7.360000  11.231209
7.370000  11.222137
7.380000  11.212944
7.390000  11.203628
7.400000  11.194187
7.410000  11.184620
7.420000  11.174924
7.430000  11.165098
7.440000  11.155139
7.450000  11.145045
7.460000  11.134814
7.470000  11.124443
7.480000  11.113931
7.490000  11.103275
7.500000  11.092472
7.510000  11.081520
7.520000  11.070416
7.530000  11.059158
7.540000  11.047742
7.550000  11.036166
7.560000  11.024427
7.570000  11.012522
7.580000  11.000447
7.590000  10.988199
7.600000  10.975775
7.610000  10.963171
7.620000  10.950384
7.630000  10.937409
7.640000  10.924244
7.650000  10.910883
7.660000  10.897322
7.670000  10.883558
7.680000  10.869586
7.690000  10.855400
7.700000  10.840996
7.710000  10.826369
7.720000  10.811514
7.730000  10.796424
7.740000  10.781095
7.750000  10.765519
7.760000  10.749692
7.770000  10.733605
7.780000  10.717253
7.790000  10.700628
7.800000  10.683723
7.810000  10.666529
7.820000  10.649038
7.830000  10.631242
7.840000  10.613131
7.850000  10.594696
7.860000  10.575926
7.870000  10.556811
7.880000  10.537340
7.890000  10.517500
7.900000  10.497279
7.910000  10.476662
7.920000  10.455637
7.930000  10.434188
7.940000  10.412298
7.950000  10.389950
7.960000  10.367126
7.970000  10.343806
7.980000  10.319969
7.990000  10.295592
8.000000  10.270651
8.010000  10.245119
8.020000  10.218967
8.030000  10.192165
8.040000  10.164678
8.050000  10.136470
8.060000  10.107500
8.070000  10.077724
8.080000  10.047093
8.090000  10.015553
8.100000   9.983044
8.110000   9.949499
8.120000   9.914841
8.130000   9.878987
8.140000   9.841839
8.150000   9.803286
8.160000   9.763202
8.170000   9.721437
8.180000   9.677817
8.190000   9.632136
8.200000   9.584145
8.210000   9.533539
8.220000   9.479943
8.230000   9.422877
8.240000   9.361720
8.250000   9.295637
8.260000   9.223460
8.270000   9.143474
8.280000   9.052953
8.290000   8.947081
8.300000   8.815612
8.310000   8.625842
11.760599969390880
