154254593
2434575
19663875
-90221820
-248559186
-1093798664
-236383090
-34764156
-178025983
-35137974
-102951975
-154888811
-91373517
-201483409
-75612780
-50234175
-88063444
-370222416
-340101282
-190011667
-665624950
-451854581
-310046019
-170066440
-31090414
-23421432
-62066380
305193197
14459163
60320277
-51867544
17505623
9089906
4794349
-157461503
-58296221
-24770532
-71941377
-66485104
-376737538
-44907120
-50775937
-17145835
-24800718
-36232428
-20912728
26383293
8322764
681837
-51655915
-11058799
18919521
187292103
-72409784
-225358333
76363950
-260747523
-168031754
-25850608
-32773053
-46599088
-42964229
85464410
-44669259
-49646594
-66791682
-124991463
-108017405
118043668
142240835
284980067
236996116
259807980
48742763
41653917
45685925
67679971
277267412
8720712
140149781
79573736
70931658
71413557
-34374747
125900111
63287400
8026216
78211776
158745022
226481472
17264204
-78483872
-110252357
-54497096
75024750
422463619
714337625
-17997950
918949499
497286209
358469179
195285987
36962866
-51333662
23347863
-199139859
-92318487
-22835551
-283993681
-33322432
-392114277
-290909956
-263658926
128863051
-145802812
-301277340
-49868301
-677731108
-333780817
63379679
5316776
184212818
211187946
-146487112
129327846
5516963
2660352
20669512
-61454837
-109173311
31056530
96939836
324993789
-8949959
-39447
-78265358
-4383340
-40418356
-273375892
-4974351
13586356
38294793
24567651
-6220903
8923194
37584020
-119813696
71994884
-115372254
-23986796
4925013
-92858208
-101155694
22550473
-57355259
3926024
-59262476
-2834478
60443954
-42751237
92887313
99274216
170486002
102388898
-798909
55249423
51037686
-5007632
60677697
90289394
-30097198
13271874
-9141841
-69065000
-281013453
14391255
35711582
40178801
11004485
-106540750
-109597760
-18204160
-259811693
-127137120
-23851048
70112836
25197281
-9960395
66523998
41798462
23279892
24677227
184520490
39272102
-5017254
-4925231
24328397
46754893
340007213
48918976
107323045
-35493894
-58004227
6658479
-239478761
-65300757
-16189425
-106128070
-48561425
116041864
10180531
20120448
59605745
76867871
15992249
-5381512
113070340
58756849
101864825
25763095
183303803
115444027
12484073
74828169
131795760
63504146
161462673
-9516654
32019672
-46279266
8222769
11416272
-3127665
83772768
25857432
488071799
1707940
228017508
234074557
107327253
-183603431
-154504030
-222307874
-82024541
-60882527
226974309
45185788
144434552
13936610
178740924
174437856
80649198
145770176
39637485
355327485
-40222644
36764236
-132899405
28222560
63488514
15704050
106302543
412552864
427200272
31929744
139873564
160599350
169446152
317181276
-4476389
48076194
-390760
169199402
-54954781
203325306
35340141
-56853108
120116578
165519999
-31742781
59003384
-131572755
-139940310
-262922666
49530113
72344063
74297762
259053442
-39348888
-129939083
9861130
-74499383
-242036761
62161656
-71613157
-9277060
75469878
93055816
229028642
35116509
44552531
106541659
161179711
524033860
208250837
35433570
155395439
163982345
5014391
-48637612
28514897
2571488
37281510
13488178
-67516992
108688389
105398538
12444819
17541940
1924215
182869403
26027340
-244151233
96921468
44808108
36929364
85402487
-7403127
24528713
46791948
-105046174
456333570
459224834
22929972
-19202880
-17630256
-2347340
-28937730
96475559
-71256822
119549261
135110358
6399691
15747810
26221548
5497004
-72580455
-85987545
-8436090
-28006020
-15034845
-131732022
-181999719
-50955390
-412013264
-70845156
-37527672
76674378
70323834
122563042
-7919730
51978394
11136262
212436304
96500053
64337813
198635044
-51326676
18943448
-85638295
-28281519
-120407763
65614
-223604462
186330442
-133020589
-213861221
25773450
-23647185
-2475099
-6198074
3960577
168153470
35365932
278258240
250463510
49407680
-60715732
-17604126
-101453976
3994890
132131787
965240
77820580
-54262848
-92976912
-157623786
-84918329
44924754
10153024
-9540964
-61006643
-280254138
-184944482
-16812978
458260142
-96670005
173371820
230428662
-91694807
-576232684
-366822793
-9698761
60740895
9460216
-172491333
-72043872
28212905
-154865625
15798282
112491391
64475101
180288
-82769982
-17736171
-47721805
58389266
-142523816
-82187666
-2139794
-100825347
-60110222
-2605482
-29112004
-31912700
2755000
-1076602
-42606911
-272205866
-12669305
-67193559
-90179479
-33463692
-31946826
43342106
69013490
157385938
25513424
-178815389
-19623457
47975702
194827822
25998903
19624969
-112212637
-5074857
337539439
371457307
-1054989
-4571619
295167948
17754306
-85068323
340065270
137826595
49048857
-17531807
-8716358
81470546
23195230
20759048
116629308
84877992
391037325
7220360
-46915790
151411653
1109316
11445960
-41069213
155820371
23674941
-175733400
-305850608
-83108684
-181532218
-43826680
-102854975
-158201453
16723463
9393614
113629880
259649234
-53012069
-182376383
-126404726
-43656504
211867036
33607980
61939927
289270525
160806766
-3929176
17961109
47481069
-34664636
4733080
-38996159
1478542
75543819
257772687
348349604
316424691
71917824
-31291341
-22401396
54242467
35217000
144103193
-131328000
-144701345
-112059422
-43492064
76844157
105079954
71717412
174001932
24560443
-63326314
-158330618
-196511735
-139436255
283096320
335232957
29999590
-27390071
256528405
91761369
4508486
502536075
-18596530
-62733163
92987353
123530525
77818139
-13505735
-1099980
-6177062
-10172660
205547161
197921455
63761171
142511776
-26618490
28341168
-2526048
-97681676
13678566
-82600866
2196307
-145041600
-44477280
-159116960
-211277452
200307372
180708198
-33036048
-1878832
-56712476
-3666426
-5030284
21236790
21525058
63591270
51854454
29338068
225692050
80509058
142578927
107938912
150317324
161251165
82392224
-5366383
54227889
34875370
-120855462
-148125848
152308345
37632348
346932318
-30005058
22980107
-75304698
-141386264
-211249567
-17762948
-951782238
-9947637
-256755523
-73976100
-26487694
-11655480
-203701115
-1024803
-77175849
-36195060
-27893569
-391649931
-406936795
169407649
11127710
23169586
277532744
31479084
120257067
78327211
-23205520
114116
-85967296
-861645
-157890591
-682910067
-19064341
-87126703
-61173750
824404
-36528785
-40202139
-60166800
25666908
139800548
34129072
-37767548
58175099
132766218
526490281
-38073840
-69951505
-46696104
604364939
-12745502
-15572358
-76030677
-57127491
-63519695
-67420067
29725236
25353879
-13671483
44180844
-277524460
3203046
-111946748
19583420
126435214
123978334
-36259586
62585918
57588731
-108191151
-30678458
-148907005
59109963
-13407332
26818385
-34117688
-30042600
30798960
10627548
-402005106
38263470
129869610
40393407
131350813
188018775
-52750295
-120651080
67432960
164314517
-95064193
-46876392
39309071
-152898642
-91161018
-135150642
-375010371
-210740064
-58550748
-9262281
-231592880
-78053104
3490682
60133848
44863436
73795767
-99259822
33134369
8400875
-88041900
-27866541
-123263154
123170430
48199821
-176363876
-207209595
313703190
-22329188
-6236334
-1418162
86111205
-214712826
-199521339
-144615997
59440655
-683119577
-177468951
-9008147
-426873515
-24228516
-66428866
4902011
47555456
-60857876
-24236781
-192372668
-115338156
-115573146
-68473218
44189760
-17765748
167901591
-31860074
-457628512
141512226
-31139392
43369255
-24481664
118734291
-160354224
-86313104
1467028
115388360
471381681
93698232
47161495
329612327
135353192
8263739
-63431225
-177296704
69925847
-19000333
-276790064
14350336
-65523584
-5672750
16959335
33087286
145314905
-16374396
-92842775
-305709701
-69359028
-121549704
-396503003
36201959
28167310
40123239
262371268
295317360
191454813
91396350
238893471
-117317376
-136215721
212248048
-8310493
-8269155
93286009
-66634440
100463647
219212018
15633414
-3576150
81820981
980552
10021148
309380807
356634434
117676761
115198170
44231243
102269125
31716012
27486126
-29374303
-39038568
-343155420
-104535933
-381673990
-386921214
-274719600
-184224919
-185767301
27867352
-327306533
-339182595
-91457024
-99354664
-47364004
-11028262
-46542958
-86976890
12353076
709504
7172173
6851570
-273539850
5962125
3879600
-22838598
-124811480
-98885474
249753273
5530280
-5255580
-11299976
79736560
223626906
63151779
133918155
111521508
18958553
87248522
-2849510
102547246
-10696763
-2200054
143317229
65281960
14591920
-26155648
2225841
278296474
89736178
105921336
68569949
80116080
-196131284
-28667494
-600097685
-276189041
-143490819
-221975268
-213764570
-268489929
-232509276
-43498800
-12335252
-724484311
-5396490
-61295346
-163924210
-52160178
-516067522
-211856771
-193723391
1928525
-243340340
-141869516
-164680964
-270153697
-84499121
-69096600
-146788680
-56904370
-318127658
-271849791
-187310843
113233734
110949480
24399008
-333773744
230789324
318520225
-86242475
98907535
144397156
-187163827
-144569480
95013333
-11138049
72934947
28816454
-52509729
-5740553
72351176
-22924992
-27012348
-47243656
-37655024
-46708828
4394684
-70894324
33006386
110199644
17195992
79634493
17443352
-496107647
7299357
-357883218
49968570
116272679
57567272
-491111817
5683041
3631847
-366312064
-128072776
-50429426
-24716015
31757544
-24260388
-78887693
-22152267
-53913876
-97288116
-172666458
-23367420
-189682413
-243207730
-16542798
-52120262
-78159928
-7331643
-8431580
-770059625
-22183716
-409704310
77887773
100040837
29574540
-3352003
144315090
170282761
35641928
307876072
97986536
42679520
210259217
112625491
27058906
42095193
54645931
-4574315
55794399
-237062
120923936
-65112567
-9252204
-32043285
-25797562
-70177361
-154851372
-58821429
-236190484
-29073570
12195270
-49343810
205749708
249683948
-157577123
-131519497
117234152
-211955229
-121675261
26156325
-225922017
82252748
-442665754
22491318
-81568772
142867016
28851108
114411132
58542264
80030072
54717636
-44345568
51409324
-6192912
8128329
70158548
-15177077
51324968
11264740
-14989600
76811506
30446520
10311676
-4352600
54076240
35960866
33756500
49687458
342788600
758926535
-301548731
-87815803
611468
-668448642
-752476841
-237606524
132119779
148017760
66978573
-78905780
7944352
73369134
-54579853
98011226
382816154
56210186
232604
-1678532
-1861954
131675660
69081584
26973152
1404944
-49536718
-118657988
155101433
-7945089
-16742232
-117453184
-186816905
-5340627
-12360420
121450549
72748270
104593389
101099741
41808006
1962702
-24598905
-25124777
-15381940
-79695638
-749729
38750378
-2197965
-76634424
-177256713
-225858607
59111429
476494774
347996690
270227839
528337637
773531561
580915674
23332274
12079074
-35419370
441771680
380661318
68582470
273066977
176226849
-72302292
469790576
184883614
-187210057
-3388400
-59555488
-174550849
-380481411
-7617541
-29457252
-227954633
232677533
325786611
-206083775
-12910795
-285755666
-51898605
-79990030
-54055848
21353039
351640514
-11313227
233503278
194233186
-6000299
135109428
63577131
260433581
95905318
-81605693
-96140573
-6426368
-2707264
-21390971
410423440
517849412
148932266
-2594680
70351246
-37699766
49328487
-22952010
208992715
305846640
2981960
237947805
195490283
88492670
-22351244
232505
-214140271
12493980
113380135
-199468943
-271320253
-91156868
27189844
263020597
430548772
338230934
36149500
-109573860
-37864565
9666047
-61089426
-238498870
11277882
382368752
72283152
124128515
271311618
278909935
217971930
136554838
142547427
-95815345
-27214336
104497074
-144496864
43243421
-20786300
12453700
-8931150
-8693075
135709587
207594397
122512607
155906114
-22598282
995038
-255341391
89619170
-8740024
-10988937
291392671
538833750
235287744
710225140
503346361
85696413
35105068
202870010
113074664
438197949
173229969
17662046
77930420
-25074806
251616033
-278704964
-74723520
-113958810
-59726283
-90704051
-31589050
17146593
19485838
21478165
-118156835
-153695896
-9788350
-17112998
-42507444
-116468495
-244122334
108880347
-6879688
-115570585
-5482266
73940111
-305638759
-217674169
-517801784
-228250151
-177462517
-139216699
25110788
-102876410
34432188
230721960
361716390
272356379
76068288
4284606
143493522
253532469
500695685
64615397
6499746
413356375
507975964
664539220
102342857
573529286
350138387
-79209810
16916479
31263120
-59714387
-14206248
34458356
25301544
-70739165
-38939579
-731949022
12479153
63307437
275973892
169369536
94267243
95678863
-21075201
-26095680
1412810
-140664756
-115678464
-70991650
30965379
142093923
-37767772
-59642728
15215760
-40234799
95235456
263518757
21599356
6811848
-6120444
-23077672
19717189
-12532826
12295727
14758858
-387778195
-59262795
-163808115
104673557
-326759882
-236449055
-202287047
-105281182
-43555963
-226347199
-15556648
-9399208
-200234772
18916227
-3228329
-8863728
-34413064
338482758
-21166356
22900302
225053376
335842545
562792352
-6407240
-121676539
106565618
34334180
384584264
-52446392
105444800
175151621
111065218
66200424
599966393
243948800
122074833
180737097
246859745
103297399
24934822
76880374
27981645
424233296
-26139960
13251515
18504680
-94453240
-42662892
-8759324
306183564
-41699550
-161134632
-256872104
-19980024
-26727172
104764222
-40453480
-57737693
-31190468
57439862
-39884435
197333880
24959506
11417757
499658844
21570177
380652531
119144465
310968644
-47702603
-42746550
-127695230
-150074540
-482494237
-611242423
-813418040
-231879250
-492285611
84864
-12258272
23302968
-7936160
-45395437
103262933
37360935
-560498929
-46981448
-443375148
-228039462
-61745136
-257125925
-126945400
-212311791
-39843609
24435174
-429955649
-20541050
27978981
34877226
-67378798
15143044
-108598972
-149830881
15909838
-274458
-231863944
-347799535
-53085303
-172644551
276768456
51186466
39857853
282468832
109568462
-155510233
-182171280
-281136402
-89550123
-59367146
-66097965
239715212
134139418
255241557
455986036
17853742
134030332
-13322844
130153280
88395938
18386609
-20042094
-20853290
-18613231
4804023
10210686
24647106
61355438
210177861
212637152
16200748
171331316
362275729
49784394
598399700
25516795
43814338
-147643707
-207223192
-27062362
39323996
-334026502
-193440236
162760234
120766583
-21691808
-63577700
45041380
62390505
78029461
-129265439
-9581154
-41219186
220993535
53602338
294788908
46057773
327854116
26284094
-183870145
269140472
182066527
1155280
63512659
51645690
80232232
82254320
151653170
-40275705
-154149912
-346226183
41421792
74563956
31660253
123573701
2169000
4679666
73722987
-10996735
-8481780
47714735
25712364
-98304210
-44927982
-194073505
-5477128
-119432314
-109490672
-68050870
-58722972
-32275320
-52150490
49066413
76034980
27778816
729479129
390132518
369628124
69011415
136752525
-25493665
163275634
-50041026
-223875278
-95777546
-192382200
-1575585
-189157679
-528867621
3635738
126611459
4013466
274822208
378938486
380406459
78975879
28794370
-1319506
-7657784
-731658
-25569972
8586760
-415262785
-13060060
-18424656
-47570890
-360480903
54655527
472379
-58205078
119007020
-158366814
78340749
-40080616
-21464420
24243093
57261294
153897688
201780658
-37524068
397717284
17050685
-41866981
79437588
-16411942
62073650
47139582
-63557809
9368160
5324420
4160511
27748693
-171110840
-53812686
-257523345
-302463226
-229291542
-106079796
-327257366
-514572207
-350787483
-289122004
-336961372
-306643962
-57007600
-198105430
-286445573
-160316217
-128614959
-73430805
-94628440
-117683531
-306367397
-93522502
-313602277
-175319544
-120119847
-161470419
-386446753
-12002640
-2992974
-764036842
-285682819
-595986587
-679707
-167473313
-335197607
-115117499
-33397724
133621911
22907457
10214848
-26491417
-45877183
-2670820
154623638
102868685
-90520666
15018811
114169623
55082610
163308483
20438814
125093284
-25597451
-59401387
81715523
-49519041
-28528745
-81521174
59024534
-3032892
1721596
104541364
-29400792
-91068341
-49826654
-116909899
169479553
-32130
-35045871
64424448
62272157
30271231
1745553
-301825069
-260238941
-11442488
-164462829
-67627533
-153334368
-145035656
-86458905
-215088514
-198024827
-224358783
-30817059
-5828760
-31050921
269430954
-54059250
-13303629
287101366
15861950
67391578
597493849
54185576
237062095
207446777
-94460451
-237204934
330287632
-341803680
-524705868
-51324678
152240970
-8927600
61944216
110828919
20404026
448613564
-2028400
57991618
115632552
-41394816
39209957
10181790
-4896135
-15827992
-163424400
-22816420
-156491224
8715222
-90970642
-59155360
11386560
3039336
94042757
282303
-376544626
-212456244
-501760196
4736237
17639436
-17796880
106272019
7883542
298064608
20916030
62256934
242210271
379730032
363777654
83588176
110404790
228245043
687572675
-3656584
231486963
-72097928
10040580
8692538
126878368
9584727
11671896
181518445
76803930
63702852
153080360
-47602312
-41377860
-94292430
-5563823
-10388911
-173042362
-174579468
-117911031
107414196
122473329
19256799
44512
-113646442
-120628395
3456999
49067197
-40657748
19699793
210269329
73951623
14409984
143090777
122519818
74285991
97634205
1141950
237966174
-13401984
23204478
186647802
-6527210
72447274
69761887
370837011
1708332
164517871
283071283
99578022
-62574948
55015728
-86835726
-12079009
-138122120
-15092188
-52371725
-1756265
-1832607
-187131109
146136373
5494527
47698448
5849280
43037064
-52555932
-107210965
133325135
-240244953
8129368
13972662
-33181372
445224
-113201214
-126857844
-9275238
-25348022
-116764119
-74243851
-47470241
-916285
-165311372
-126985801
-169745711
-59749
20692044
-156716464
-88939718
-125698020
65599480
598727103
102603218
351472562
139359436
95313258
35179892
169885209
328299673
51625625
16711313
-314233306
-248722996
-4511764
-42677807
121106841
85970743
-88431143
67007622
-72537686
-12546490
41177570
25700570
22300683
71388937
12339151
16017499
255375047
74129887
215521085
14560796
532783298
14408554
219956647
15064104
166528468
-28966938
-61691168
80402396
-21781146
-66666765
-22800377
-11220027
-69363054
-39964386
-36339030
-24629539
422023141
-664054770
-33619726
-114068533
881314
-26757143
-75462995
-64386885
2948280
-16523638
-38783396
-70163196
-6848753
-79746530
-304361094
-43341210
-311292571
-280039670
-157422652
-19840614
-20167370
-64677718
302210800
238623709
104346696
69287192
344660372
20128184
-12537576
1389414
43731916
87524133
17796832
86457470
-14376053
16645045
-32827640
43180142
-180737280
-197638856
-331084273
-108692640
-167002887
-135564826
-263389920
-13565799
-89754048
110796336
173901672
140364327
148340162
23783551
-75081413
383780073
413534679
-118098464
-219379482
-79304975
-83549359
-337185617
126330876
242619183
142177254
28822268
-26359682
108184969
38580764
-111141036
-61208847
8517366
-314691066
-173792583
-62348234
-294189195
-238687668
-68021833
187351110
21114860
151809376
30695557
102428566
93159929
-150462275
20273265
6605931
-19211543
50853907
207194
13164299
-47141585
62354091
-248984351
-39010396
-30977541
-100134479
17989009
90969421
137461998
67914155
-47043594
288476539
204329366
-71027617
4134252
192520444
55041281
15892800
205983842
74557866
380809652
-5010939
97910736
-371582
124676524
39400648
47401642
126984962
87592662
-11418136
23196156
-2972510
1931400
1309630
83855172
163786034
44034660
-206342432
-104211964
-1130496
-108697934
172117967
119004400
-51698093
7819924
150017391
-86628138
-72077168
-66794324
144535970
103488855
-71798558
-360669442
-1844634
201378221
5253066
-134071619
-9551029
-188790207
8048775
10876502
251654288
7204657
-277206807
-3703308
-1479684
-248546992
77608
-63843071
-97945743
116412
-75150886
-43961500
98301769
-23156248
-49333607
85127699
129995304
-22559430
-58436708
54357834
27589980
-60588525
-65784269
55005202
-17553595
49122828
124659070
228325933
-230035781
63329473
-36521059
-122475835
-15678201
21480604
245022
102213171
144376367
77291599
107101958
168015387
91363092
197070933
372953658
226307490
-208611120
96822678
4729816
114243625
67935729
-14088157
64125445
40093520
-30843638
313592810
-87990962
-18894531
-19644354
-19846264
222917177
38857660
-71951289
107596343
96196728
20569080
-95004470
66215858
47249002
125980916
74952019
305967295
-80703341
-64850163
288725171
90651003
-18376752
-16044250
-14545672
-33491542
-265459612
-204973273
-200818388
104009602
-19921098
-72203231
-17487510
-26320654
-1339278
-100340
180528254
455800912
184845158
110055381
4520519
46753583
128894635
220300954
-10967112
-214070441
73704137
141811257
40346186
-54477420
-32380032
-8747904
-22815728
-5208612
-62481694
29968314
-87012244
-165361437
74607912
51395481
-3609632
-16689504
10123360
-258297414
-43181530
-232079836
-10667330
-77510735
-78252974
-402366809
-123137741
-593591229
-80908229
-61866567
45878200
31911683
131781711
26171735
72946523
34130267
15413114
-15581596
-18707248
-161349765
-444478890
-92756408
87498032
-113573078
-99913332
108354824
4306851
73635388
-108855501
-198073427
80817343
24181060
-9848080
-174935207
-255310968
-48665296
-104419418
-111079290
810571631
1454024
329678961
121763299
-16461747
-140646573
25564188
13986923
-8151544
62208617
73410841
16785785
-63578487
-115213735
-14377976
77253758
1822134
-3496608
49682118
-163696489
-151145925
-127315209
118956312
109327350
126477175
19516334
78460012
80348520
-56245788
3107880
2088216
50789783
198854623
63266313
-53574117
224121752
179938654
-7881984
162471823
31451581
35356689
258570126
-5441576
317129069
326700088
-6070050
179088948
92025232
269064270
190003861
-3152290
-252142833
-128950590
-3284495
-7681633
-258118204
-2619681
-77999078
143922837
-30575990
79366332
21178009
58988716
9495800
305348773
130739994
5038135
445400584
292154224
82148916
45722645
-35195574
-55961349
-68636883
97444
-225967769
-2720768
3877717
-6726725
14483948
-178319800
-132495800
-303387100
68727731
-1825800
45022419
29902977
-206795321
127389153
-52038261
49472092
-9715433
-8748022
-32079648
62556688
-13676948
-80011316
-17090652
-187893390
-537363688
-563274
64350719
33397252
125572922
-12394316
-33234564
-29063505
-6090375
-631158
-87524
-153767541
-105775337
141319919
13812430
84415736
319168720
199817684
391563324
133281957
435593861
447206155
112094064
131766947
-4891180
-15000513
182232554
74207708
354278696
307052615
361662644
329003168
625630634
692520426
679793256
193657214
836375289
344858934
285531988
2689505
-14751381
149530940
217933153
145535660
-119677576
233963823
451484247
282549465
87841092
260158214
-104044950
-6887562
-62470408
2281752
-345361340
-324233002
-353663026
-8170686
-16488148
-20567834
18910752
-123323401
334054595
147832144
62395265
-34138781
-82869971
31243845
274793196
-24977280
19865220
49184084
-196453443
-3541449
-41884932
28394867
4108295
4130609
-163910643
-41263005
-104384041
-145381076
-3624810
-131081570
17780099
86593458
118962631
135769116
-63666150
-235364304
-374534588
-193986711
-297742459
16294946
-75008232
1252119
72678257
-105799205
19926444
24037271
-172924100
-11426156
74196419
117495044
42983358
-4649992
685939203
-133753466
-172517986
6268238
-9576442
-63285291
46471862
94054422
-242433348
-241363554
-198159492
-687283456
269731548
179615926
-15568048
-4116924
144480171
117425011
95231823
76404902
-307629
42149668
13047811
186226920
297105480
179101284
154842848
54009171
33934707
288358971
48630424
84859248
-39808743
-200583189
18438856
-4221546
19915071
21968592
12686912
-50706370
-35895631
12898573
72990782
35467108
166626716
132810080
68644364
149458752
12590702
530550096
623284863
146060745
-109684592
102794387
44242893
366436204
12030934
261162720
32537674
108543482
62191781
116320124
32784303
-32678896
-125111274
-180680577
-21917280
25992676
43563164
34744513
-729180
-912060
-668250
-489694212
-117510675
-8327840
77805720
-397560236
-96520208
15663470
-114553026
25625648
-90475717
-1826
279710360
206420363
59604219
137461852
-8079443
-352086938
-190772683
94984347
587400
89972820
22144467
39920777
29813234
-1816020
96932616
13318811
138013287
-4759032
211632953
56099230
98793788
281314676
55510364
-40222561
57621356
307786199
1963722
-8985634
-18303572
5380879
45714825
2787575
14074683
152758650
-7918998
5242700
29500160
234470006
-57529995
-151575306
-232270814
7144570
-42360132
-205139012
40024775
-499573736
-119401590
-47085883
-43800000
-111829488
-33004304
-113307775
-8400000
89615553
-581880
80891170
69543170
-47738066
12612060
42146944
-54612960
-44842728
70767094
4637486
-223088969
-61036902
-2875788
77120000
-110041230
-107407167
6389280
-246443560
-190008124
-7248492
-227558990
-170682880
26525865
207216126
59854375
41504535
18071428
343754414
155167462
33527940
-2307950
-14910160
-6038215
-202056243
-133753683
-143409207
39885865
-115838535
17931696
124522844
31856975
245089315
-24773368
-368489104
-407606075
-12784160
-21205181
176549723
120118722
-592651
21116375
299486682
262776273
-324144780
-10176305
129195723
81986186
-273410020
2362648
76725171
172584920
76056279
14901744
184291780
76821038
26687017
6071208
253330826
-260505723
9487753
-17829904
-322634621
-18564766
-60744282
-540256483
-382555047
7087096
110590794
-1248357
12736006
43358840
38598055
-40116831
-206296198
-220846684
-176637762
222779155
-24396312
-28760920
-78173403
147756444
-2227830
50780322
54354876
-12351580
18685527
-1408640
-21209849
-446703
-101620779
-19161850
20924755
29680641
5324615
-15588058
6132002
-72847726
53008517
-118780357
-161524756
-135148411
-112620079
-279302387
194739088
89642378
403873525
255377625
125402324
-183474442
-147570600
-370005410
23240994
21379190
28708164
-7815796
21767423
2485908
77450400
-74912925
-133000448
-14871787
-48188899
-3883540
22366300
-11017904
-67365775
-65603031
9826852
61077523
2644796
47097970
-35792427
2368274
-25400508
-139140696
-99746382
1284248
22814514
-18380775
-1085634
-52050860
-36470981
26345728
-199165499
-177171558
-43718717
2099376
-5477976
-49482441
41405376
10604088
47671211
-192951183
-258820771
-976726
-49895925
-353529325
102242966
114117377
111000691
210085868
-137712
-40568064
-16447776
-5301928
-393961892
50389791
-79050930
-121206849
-37007542
64183634
18040191
33835416
-115497516
-97561748
-232167648
-210321542
-196049513
43197954
-3202470
28523750
200158918
18601202
33060854
59837862
82503484
221812575
18477775
175561479
-7586552
16245230
-313396119
20183972
-1066377
-37936923
-242528712
-126573451
-99952710
77490570
175764
55412815
8946412
-753474
8597567
-211177156
-514734096
-42686163
-445045325
-953761507
-488514823
-674701232
-648085395
-188162905
-211933393
-42142939
49632354
61831939
275695594
23940471
-86400438
165387677
-117939730
-77856448
-37841138
-111618674
-40820404
-202179165
-43351885
-47511912
151825261
33936210
-45557919
-63186773
-56986664
72563418
141795107
262743010
228632092
123583173
433603463
573543376
277182047
-55857045
-135029629
-153980680
-90077232
-369342064
65655486
17572608
12972742
334067598
58081316
-179810229
-34054457
20000015
7038790
19260689
65241232
33780087
88711401
379984556
-218455929
-195249852
-258904287
-315815159
81122755
19408811
-83895996
11533449
344687254
-81814232
-2326357
-6775328
-422384551
-24490200
-457632408
-92978606
-159993364
82768735
89571573
-69443007
50447124
-138092256
-400320989
-153948973
-276462222
-382798045
-245118070
-42585182
-29020256
131797374
-253647733
48710029
-154457018
-24546669
187094188
-65434878
-2829246
137915104
5508425
94769532
90571561
37386443
290174622
515406601
481030928
1007124
517865748
43139310
45847278
-241316438
-6740694
-37534182
-105018546
90163842
96834182
301946296
76710982
-175900534
-26442660
-353928
-6982353
135840091
-16858997
-113410834
-145585415
-73855689
-219100717
-127997886
232068793
-12439732
-7602346
31819725
-10177328
150944723
-2524486
329934
35756164
199163972
-673064
108973241
-56737835
25928713
29892410
-57733875
-18732995
-193874529
-61651700
-112971166
-96290196
-27114120
-107738529
-221387367
-70249316
-196256837
-123858394
10636886
-9532578
99718986
78898818
-28771382
12554535
71393815
19038237
263675637
398665586
-53868024
-239002921
29664423
-184080255
29195510
-300429819
-102788079
292665865
289705367
-16621304
-27165125
9525402
-14395821
74816325
75844786
73144072
41816124
53384146
-209083007
-63328463
-57906826
-17893590
481258298
-44641080
40711808
43573027
-424773870
-282541207
-613044140
-291818371
-144186560
-27130706
-26423213
48028689
57995520
8485920
54169671
47739210
59386540
52649760
4700592
138581373
52147773
134616055
80300367
-1941848
21809612
252990
1237777
9547093
79570663
105767430
-34672638
-4931740
-125924112
-185020
117603407
24580749
6006051
-49991469
-226742584
-29192866
-161360264
-25156938
-197645256
-33898962
-20133428
65456472
-38624198
80231658
-355469317
-14035128
10977779
-251414178
-455486132
12977609
-147791672
-78806448
5579442
116794804
107975955
67914462
-30202856
-45546214
-40108087
-156944889
-358936527
174993770
6373976
417620
123607387
213940745
70223300
-34866383
-15149980
-174052946
-156691115
-283095541
95034714
33774425
-161292002
-156097398
-11226466
-164339995
-71747969
-320789753
67297148
-33586654
207150906
175319158
3328208
-36114502
-227191676
17889674
49986501
225872854
218325509
216858991
170664886
-62919008
12344015
38776440
65069495
136547332
-47062697
412914038
-129737805
-67047487
56851518
-14387826
-79091245
41565084
-14519446
-26658324
-76898290
5980861
-463671
5476567
49924894
21174510
214971691
155355200
-33868908
5975604
-24635672
-35085750
-25131082
-8951058
-10091192
226736
8257958
-960945
64971266
310282151
-179710885
138838956
-10101707
-38841923
58405481
957645
79214744
9439014
15948390
109435427
57826132
29157631
-155541043
-10945124
-38979155
-44858018
65042768
-75752034
-72394062
-87111840
60712022
-29622669
253427377
3972408
183290483
140396652
2322230
268716734
16874497
-122182256
431624900
85399035
195616775
296775237
112089840
18552153
142846542
-46297284
368808144
99185793
192013951
92418824
594443309
71960935
178559252
441025002
-453863027
-96311525
201574459
200169688
108608443
25477424
19188807
97974257
47093814
26641601
57323324
132577815
-11517412
-51742741
-10998804
-55969802
587097201
-384966
73644192
-12047088
-243512987
-66724188
-14897206
-202803036
-264642484
-29320384
20923661
421088224
25478329
67910328
219986946
3089781
298554052
236156180
16865775
-15386519
29358110
121287480
119824400
71468680
166229462
-58229125
-37443264
28071660
145970290
94017706
72593389
381805539
852978090
87683310
618141402
-19464237
130061435
33696630
101391506
-184569133
-45221129
245971295
-32656737
-58009082
8093812
-368569666
314732218
-287473065
-305570524
18003478
-38349071
-1248687
-161642024
-281962523
-13347801
82051938
138102179
28766827
40900750
53918370
51724151
41324470
43788910
-248423483
-77730156
-50454954
-344617187
-542629285
-68768404
-174136850
66759083
-242892115
-262447951
-352112560
-384318424
-187585022
-74045805
-64325062
-214409302
-125222700
-70626467
-13276806
11939100
-107817072
-71038707
138929025
-34938732
47588784
-13132800
330823874
42893610
426853076
62515033
381119805
-3891997
-30662746
-26242702
358927491
-434489198
-278862760
-525867140
-78948562
-6417972
-53371140
-94109314
-244521008
11015330
-353799215
-354427509
-274416115
-35508035
-49850512
163747846
87030627
-26338292
-167119598
1311106
148713619
1603264
39997376
404576
30982412
-31233219
-114115068
-58301517
-51103331
-225466202
-25082581
-20283581
-13764764
44438657
-53517451
24607786
-52712145
-105656466
109451066
-190707418
-197528857
8649864
57326008
-206340736
-324276733
-583455480
-214624302
85371223
-75952916
-239551813
-14166422
-443452565
-450243290
4901250
-113788435
-2519595
3304815
-223863032
-24472422
-14637566
-41098330
-10539618
-33285437
193321051
30762294
-99326164
-15099158
-79617752
-101436534
-25424551
84747600
-117144906
76534725
7444172
3298816
-13283539
-35804550
55679996
-101090603
-279630419
-241646639
24312426
30817653
-14589919
149326293
153395739
77952875
125719483
-10417617
3692713
123159687
60308966
129856650
42756873
93521588
21495004
-2445289
327859931
141270217
-169491036
-69232671
206541664
352152070
61147268
53171498
17190470
7194000
114491902
156146337
129775965
-61182385
-176734364
9451628
-34875833
-52486775
-5602106
-26558458
-96842330
2719432
-15496109
-5231842
-100413523
-6190811
-13783469
13787377
157547232
137268475
-21117464
-38527285
-44759763
-11820960
86349770
18672861
-94386420
-73530499
-35620744
-285898772
-393414024
-295723906
-365564873
-3385692
30116736
76783905
3171385
-43415428
-27670898
-215421921
90111890
122893816
4076412
4697655
-181038201
128797578
10389330
82115252
15009597
247640
89710665
-5856028
-17122043
-227462785
-98357116
-248680771
-22922990
-128019180
120346210
37512022
22471254
75090881
-6319487
-43316251
-280393965
40726899
-47422000
-7800344
-106623281
-31585849
-39762762
-6740884
-298573570
-11875662
10864000
67792807
11543000
132852990
240471200
2433907
4874646
181528263
-1616563
75046953
237378126
19883543
87290
30266717
65471619
36558500
14361600
93026726
42159561
-143790765
68391432
33786835
20470816
86146005
-3968310
16738556
74980095
4539330
143857031
-90522032
99285315
-17694731
20535220
317773514
373505766
-249988688
-22724935
-161052351
-211926436
-101832373
-5132337
-275547874
47224713
188382033
-31936064
-88252848
18552269
-80540743
-25173225
-21491323
-82129263
23634476
-1437660
-23764308
37823316
401623497
16247953
30518694
22849427
834020
-156302028
-68268345
79765355
-82767528
11728086
41793402
-107487345
-8845108
47895248
42872940
-2653050
-408930912
-224859540
-501525
-160768075
33634354
-145126812
-52050231
-3753538
-10938600
-170102916
-113189419
-159704667
-7662210
-65910156
-69694286
-190405605
20951178
-23340552
-84855511
27917167
34522994
-157581603
-501410
296875102
140219737
-353281288
-91682359
-89058319
-77553691
-169256326
-165491153
-8370314
93886932
50905855
81800887
585664077
5513350
610683592
166836292
276991789
-45254548
251618769
-9494228
560964765
267959146
-12263813
-70181855
-10338097
-264335055
28173986
19587993
3193732
2694334
-3553676
53999013
29311417
-432128778
-192142711
-331606242
-97339290
-300902473
-323109105
142353070
259958925
83410704
17062560
-4169719
-8867243
-187132352
73576626
-6245826
-87943245
43173111
247782858
130675380
156192046
5382528
-74988632
-88878950
-70730246
-17552468
5000683
-830373
-32413260
-192763261
-107351524
-23009412
10894822
71369522
8617203
4640927
-28463584
30888897
-4311296
14042378
257992030
-80188806
-688145730
-12980820
3655864
20440865
91162488
-31185510
-19533616
38951797
-99513017
-4738500
-32278666
-336446862
-305715756
17207220
-38369576
37491820
189333529
91698453
92332403
2644525
151312860
85372920
26035197
17224462
22340659
-8569145
-46655576
-58619942
148914778
386973
48109902
-30522352
-102285200
-7498723
193445712
32370655
-91531865
-28854256
-5813952
14400540
16555616
-1665534
-146273382
-220451840
-42557379
-95221737
-50175477
80203749
437792182
77687885
-3008042
83523778
-18373485
20900365
89092433
111656136
-154807200
-351790415
241390459
-42805061
-19897076
-165499973
-41198135
-152241297
-347739282
-320023502
-224337986
-165122913
34766117
16388245
3927979
37914333
-168589668
9142162
-92476855
-17104291
-363040483
-19987573
-24327166
185899526
1367982
291265125
-15617687
317708331
139454558
3658809
-134901443
51373992
-7724708
44396516
59508949
191085482
17963999
-3608966
7219321
-82599176
-48287505
-136245176
-34245641
-64854912
-401782363
-174772726
-515926847
-285361848
-92103194
-27225013
43989893
-20771429
-27629439
-42329159
-186850841
-332981241
-38069830
-150179123
-65247487
-147438694
-202264039
19703786
-279405527
-179561841
201540720
137300417
127592342
92714776
269687201
158531447
127288356
98486224
378091259
188798120
202012260
92128416
-19934633
-122572756
-234598176
-259843539
55941650
11257514
68842149
211960050
-70420175
-76614044
-36311542
41638211
3803423
-38199353
-235837087
-26622419
818570
-175649488
-21813480
-415941597
3438124
-105020533
-41600361
-30432549
-15817219
256586
-182950545
-77587467
-165465075
-8257419
-190495781
-33687931
-141597307
-74445966
-6708022
-378875813
-68431873
-359794607
-221233250
115798365
-12006751
-3711691
21439262
23232574
15868412
56648481
-87668229
57010722
-18088494
-6288811
-56652729
38264073
3641174
5482515
1028394
-151325051
-32178336
-91000296
2420771
24795043
-11108151
-3681161
-12563816
-18479170
-85226104
-18240315
-66223864
-385826195
232018734
18256896
213365297
109619440
-80975215
-140383887
-60169464
-43848177
176919057
-191958388
50627320
-41063010
64663498
3214023
-33167977
-50203131
-60697633
-8616090
-320845548
-243999171
-86059930
-4471104
-1629588
-22023936
101215672
41634794
-71996618
-39944190
-42005298
-182920916
-551784735
-386265160
-1290544330
-316597863
-165863370
-62520237
-439120689
20048650
85844865
30832949
146431883
25788576
65532661
2501020
1052842
425511830
412861790
-24581018
125469184
81701677
-28766743
-7776439
55165370
1702570
12479580
-13380854
210539878
-9373710
68648431
104727854
-64034915
-57940552
-12070805
777021430
141166606
354796136
39193602
357770793
6742848
115545261
9521772
199684027
24672910
-9281340
260727
312184669
140448301
108234967
108451943
201147403
39839747
-36359984
-10290522
-1748982
-32453911
-13287926
-87802406
-30239664
-45322567
-10025261
-92622572
-245527773
35290368
-179266550
127208620
19943716
24641617
-110537070
206925
-199239373
-1513239
-1522962
8245178
-14810653
-63426602
-22630040
231726760
350078026
-39252707
-15018003
152054489
80926612
-82752185
-68058176
-100806206
-283902740
-49204266
-7121026
-71247854
6871140
-10220166
200276452
198602897
38592779
11568871
-36940484
-48498272
-135769484
-37442280
-10919138
27940986
-122912086
-3896288
-197717557
-57604327
61775449
-4482270
140971046
8577118
-12883909
-56814185
21985959
123965962
-48824738
285195599
287171524
17852813
169829078
77306206
-160153057
-197124945
14340837
-108178473
11641668
5772298
5802633
-46408856
7376670
466200945
305556291
78889091
34933200
16492324
-3711015
6603852
12055600
-29432183
888486
-91177200
-61898172
63216759
64960752
354683883
338751931
281601985
411585035
78720105
165073604
122860491
3805214
77684049
133013863
-10482051
-5445042
-37919787
2033865
358671985
204823801
24421690
115211581
27047748
-205514810
93039456
-179202504
-237293668
-158469342
-314303809
-9310506
-334195099
-287641089
-128984647
-429443224
-150548040
-51177553
-128394699
-376628608
47311600
-292434820
-13981155
-56264873
-693539556
-711869289
-98442866
130508846
-299095789
-231247427
-193734949
-54315097
-85691224
-224875358
-9494209
-59767677
21182478
-178974
-386278421
110751160
24704363
221523050
16694774
29603034
-43247123
-10683898
-59400597
36986361
14788997
-85227945
-185449941
-73633832
-54816520
-28488980
-268568609
-9879075
97997889
-57468629
-48143141
48358211
1542844
1180574
-73465101
17875690
6008478
283491304
74906707
3932656
-14563646
-126594058
17747158
-31408221
14551460
87469067
55770190
92025891
-87168900
82961979
-82163557
27467997
-11345785
-143570783
-23930306
36726515
343133845
37010472
329764009
-31566611
256948033
88265085
83457658
75538336
245383897
326019651
-25018827
-168320099
-186397866
-9000455
-35826196
-64896010
-36531566
-246635342
-289585372
-267874157
68830146
-122000259
70258741
-29205784
192946843
-3688454
11183716
1722590
-142170265
-275368004
-65838392
-268607951
-12210714
256775884
103350312
256097244
14708460
50187417
-71922803
94716947
-184746527
-121817112
1156540
80075707
-23828633
-20495663
72379067
-58959291
-99375748
-136383917
262140360
-93730059
212320030
262333922
262270801
-979626
9536734
776534
-33475317
55535204
720829
-24721337
27242066
-184316249
-146218311
-253462300
-503672042
129735042
6999251
-41085494
-714733119
-157748755
-287094656
-161703660
-3361617
-254171382
-130699844
-299828803
-80243488
-40011039
-38325709
-92688705
-42213815
-335765263
-414445397
-362252351
-286618869
-430692950
-462571944
438544489
98217960
-32108736
-46412595
-12982031
-73480375
-86475140
-361688676
135567247
5623601
-34138866
55152456
-5981846
-42787064
212582240
11546372
18044213
47769318
-48944385
35732226
5596100
62368747
-127858891
-278486896
-239599401
24531011
57472902
99426113
184252294
133128017
177625536
-96535913
49890354
-5500640
-147503593
-54255848
-44237763
-897703393
-1095419
-124239894
-29717088
-20243430
123040729
49766290
110912835
52435020
32583870
63092885
-102744804
29843702
-162381016
-140026930
-23305823
-149851504
-80525200
91458406
143986694
285047115
-8999178
29528520
-168720783
-84765760
-528801263
-48561857
-108278654
-75209517
-58497094
-43067025
-199788009
-75319544
27043068
26779698
126997464
147278271
-184402271
-46013014
-38979732
-9119880
-13366518
-228690377
-51465074
-95501282
-16407019
78919750
75091452
-914030
394138763
83117033
-42731174
-30203159
108951906
47163109
48628014
-323919477
10321142
196706188
-43134584
111214285
16722679
62084880
-32706491
164211594
356160382
-60250686
-45284938
-20133212
15669994
-45469271
-10367661
-115530277
60344310
22805442
128336455
-216438475
-31635725
-202532635
36272627
-8271720
-32392448
-43146633
-126154019
72708602
-30141722
213588035
-169116500
52434528
-48725630
-382348216
108452019
6948576
151078941
307771607
179406231
-488143997
-172375102
-116519501
31414543
108272713
543721491
123801350
827530209
70947156
732980
-90358260
20159238
-8660388
-3179346
-4090508
-9700258
-87435328
-354836897
-1078272
-7388212
-165491701
-184108384
-109661582
-5153946
-226482119
-32772130
41706276
14918076
87847911
31865705
-63658757
272183953
181847949
-12034980
112863698
26717882
-103428030
24501676
-20651478
-74387484
-16620769
206384284
83081537
-61310395
-37544422
93058460
8336328
-25047346
-53877248
-43086032
-53028128
-93663552
-139262654
-97408668
10749295
-69321398
-136339317
252252
-72468306
-69555630
80948692
24190483
-3798026
-138645477
52404635
12334676
-7847048
-9207071
5685791
12449024
-6465249
26600055
2385952
-32629752
-34394540
217342588
142265105
88203459
96610014
9915426
68139950
240771575
-36990536
-300483017
1355091
-163567163
12315696
198065979
32071375
-23626584
8437241
-4389190
-1194242
60617823
7935755
-43411983
-99882633
-45632507
-1531882
18541859
-10640542
-1192103
74695531
-194633506
50869
-99427635
20992512
29658378
158208034
142964567
-2693088
-4864901
-13893069
136630053
135245220
187954710
18173361
-70841325
-173601528
-56910810
-20979498
-118745566
-17329550
-177062394
-40492476
244275943
94166460
36049272
14705100
8869464
-172866745
-128544291
-62849305
-36988972
-144812163
9760230
13787476
-107823356
-181843586
-195525589
272086544
-25073837
169036194
417719469
469813056
215345416
-22633660
113266913
-176195
125737190
331512771
30230944
334507594
-38406030
4541669
197810686
-18640684
-15309265
62993208
1663489
-192699980
-51227435
-150266553
-201763680
-369708541
-32022638
117109084
1512922
54425706
-86740867
-158805661
-59983566
4775317
6224649
-60748770
-18787295
119413944
-17346263
343475570
-136513852
93531143
-79758236
196604318
175541072
231695404
17611117
890052
-38720415
-111795642
-52454376
18522400
-49534290
40124528
45707310
105977450
132626252
-41241300
-17294643
-73626384
102549490
31396522
10926363
407747787
228996529
361579861
-22590849
603487739
202612266
94371705
125039457
85273688
391258008
297134185
152313246
91783503
332315370
-502795666
-47037600
-150452992
-139487058
-14438696
-182579256
-36101692
-181954838
432942818
171358528
161850480
263207340
110856529
211221166
-114534244
385364082
-69411207
-29764488
-71471730
48297470
66831947
112067636
205653686
70595062
-5682688
86243975
149699634
76794314
28756773
5503269
124610568
-136958450
24797028
68825032
-12169215
16787460
2096004
20841453
45165411
131545982
13949928
137188958
126598677
146902107
38362567
180595876
5347944
81647281
129098211
153611029
56423603
75792549
2295609
-54227311
-23535650
-77704096
-1833060
-9635355
-12045598
29218475
-38728764
-92882427
-257076288
-183882560
-660066183
-179139414
-121817709
-69360581
-3939072
19997175
21522806
-41502294
52389286
56822586
42015434
207019562
29916594
77857963
-157519948
-101272320
-177908445
-10593996
6845124
6707967
7346215
2547853
142264643
7418262
238601043
64121396
-15622782
73796177
-4480221
-27722299
30923932
-53673295
189684003
87326006
-99137560
-192465701
-141798586
-374927715
-188584279
-87025666
-224827666
21010774
-521235
21504832
23956693
87345166
112877257
86381115
-22568472
52048426
837580
32506676
-122352012
-148910112
-112532533
-163509772
-265413470
-4983874
-91831965
-75945426
-2893971
-156763408
-82305784
-167126382
-120946500
113134861
150408684
204919020
216929772
171428814
127672084
182464497
222361912
83022306
2843995
-62118953
5539673
35035113
182718494
28988580
124504727
-25315104
40917162
13566826
225918710
-14344184
-274832928
-41247910
-31491592
211730652
593706278
594051679
115196816
404062
289895405
265878587
-120720978
-167834575
-116346281
-90219900
-63310351
-36793028
-10585443
-112574877
-156506715
21198286
70498576
80305984
149437159
-29461348
20520448
22558078
198232090
18509535
57142120
-185397397
-176009637
-44899204
1682280
6767488
229642273
36469643
52032371
-49548522
-202267575
-51405510
-125136261
-256001439
37606800
109809940
35729993
352426090
9078973
33295078
78964626
213565879
43881012
252070935
214334565
4521699
-3627366
76300364
86308108
-18375360
87083051
291407752
1198570
16222892
68544112
-81056233
60269876
-22901386
34688031
60577089
120102812
-16992526
10756096
81165700
26770676
-57369971
-84648837
-9269706
19067718
132992667
43209636
-10582599
81921108
108166095
89502096
517757445
-139696572
-127836447
-104886206
-84382441
-31328530
-106060677
96286221
225585963
76764950
128238855
-130061660
-127963468
380114308
309076488
249976975
22295672
34786967
90353767
32037742
9163766
27933057
209664649
127516956
13250912
-540186125
-702252878
-734545349
131074581
-54975817
84011740
69547107
-9065980
-30046610
-16335990
-17528640
54813954
-31310918
24889960
-85503546
-96394827
-39279708
123225106
108411968
7768453
51870416
-318218017
237839700
62197912
113793228
73342369
134550914
42308160
-239336140
-422629517
-680016003
-302777165
-861364
34251351
240108
-49296292
42200078
-57491502
-223208379
-388732792
-624431900
-7252354
89547512
94512388
-8555143
-162552668
-10709019
-248738930
-14699531
-256262652
-64399730
-43289952
-14910816
191783652
-28399664
-55236994
35771688
21927360
-39184423
-216282462
5415576
-180204934
161108797
5319117
294680429
-59094651
125191479
116908797
624785991
607339428
-5159076
46782149
40282823
34012105
82106631
38623194
33081876
160227846
21934299
51812400
-25724652
57026634
6477152
5426964
74299359
-867076276
-149649383
-552629027
-672655294
-272357541
-639981236
24335586
-489622648
591450
12417883
9412633
-149383575
-1445986
-247755600
33761379
-205588320
-59132769
-3588798
-107266434
-71506780
-49883880
-10161468
-21934489
-225778154
97226312
-29029322
-206867538
-172592960
-213751593
-18528873
-68356400
19804152
-3071425
-7506716
-35278616
-18275400
-27297648
68652778
141635371
-74639989
-33203803
-72779509
51521379
-10712222
3892961
-105643151
-122296816
-23653929
-371608728
-57697185
-589955196
-329100948
-142229574
28179107
7210842
494568
24698343
2264696
-28931276
10129595
230597150
66412089
164600855
15473447
165895050
83228600
18228667
71610430
-256405311
-63451376
-112248410
-68325984
-18313321
-43330014
17898872
62986482
567711906
-10140823
-165949630
-157293163
10168424
67224857
-24439116
-4211080
-76144120
-38915336
74040875
247608079
93766173
-3171424
202333542
-8599199
163291866
-37401795
-67315836
5808936
49951667
-272842241
4043904
-21356213
50991970
1344504
7124884
-3678758
-122935368
-60960968
4967093
173232498
-35702520
-4993892
-12450642
218426290
245033214
31391763
-16697278
15230864
-37387841
-356871405
-121456512
-120674206
-313663855
207746314
-9069175
2523295
71638168
1777350
114825330
134370207
37442881
18026515
-59071905
7850592
-21516300
-185038373
-304216094
14054452
209588412
255988901
-36342539
-64185370
-29603528
-181315930
73028904
-60443304
-9803768
165108388
139386553
-113682389
59802710
-144915386
16660323
33027345
-2177478
-38711520
-168690062
-98617606
-64174298
-294300659
-605050449
210328854
-83104716
25973230
-10873404
-193789420
-68245300
-105542150
-300558915
49032910
3595365
18570277
45467405
-3665948
53343325
-100319982
107493731
351277468
97779802
492921075
83643503
372175602
30569078
315213941
49204797
13790310
124305230
-43343613
8686178
36952405
-379859158
-127300807
-284415946
251632522
208225556
451203305
156600418
325621550
259953030
49558813
198339344
-122795565
485013581
-2406810
-101331884
-111665653
-188873605
73968300
121227414
16520648
27764693
1445865
52363774
-5923976
-20154233
-31200156
-101072790
-9956267
-26668482
-23874419
-122349921
1033425
-67896994
-152435152
-5834110
-267682625
8510678
-132910861
89597336
-306036502
-7000793
9666893
13918312
1237089
-4183632
130104406
91135657
-152629847
90949287
243459386
17187094
86176505
14098420
-110368212
195615523
266972597
21522334
-184117968
3935118
-49153101
-69717126
-25414592
18912036
29512432
65083636
4057158
-123329195
-56551786
256185342
293251608
219060775
116529291
44782269
328088066
360325883
228406840
137579992
59381696
-35525952
-293796654
-39927543
165817323
3429338
-596475
2357862
412188
-21921438
20993532
-97250268
-39114050
-136494094
-37868604
49931841
26381932
235583056
1372700
15227962
293831353
200564322
-10964254
319387806
-44985760
148107683
-15230077
46165041
74398752
2401618
16804777
-239631635
49305060
23569379
-163266141
312704392
25524264
150242176
-14471636
100469129
363439231
289172301
-1489011
-13458625
-12748221
-48362159
68424074
63350198
-28052667
-11302465
11894589
69562016
-753391
-34003823
-85682182
83999498
-106532179
-112341065
-107522833
63650961
71446304
-276997023
-13833543
-43067354
-162634013
-301138357
-58045560
234272515
-220243584
23144733
-52069445
-276708294
-135072577
-355088909
-297327911
-27093264
66657909
33923425
82332272
496664313
219048870
36400983
217147951
54024869
-15523888
173092525
136064353
188657981
46614808
132535581
49314934
113368441
91182054
108164052
437512319
-10680795
626773577
-83236428
-2773485
-41669839
-29378985
-386475849
54140130
101223423
13713308
65410736
-72343040
79570722
37084467
86481927
204460093
-36434492
-9908748
22395656
165917996
-34258152
138048620
-49955234
331356794
790354
-128286588
-43263923
12249160
-2577176
29244024
-48907572
-18320771
-77969964
