100
0111111111111111111111111111111111111111111111111111111111111111111111111111111111111111111111111111
1011111111111111111111111111111111111111111111111111111111110000000000000000000000000000000000000000
1101111111111111111111111111111111111111111111111111111111100000000000000000000000000000000000000000
1110111111111111111111111111111111111111111111111111111111100000000000000000000000000000000000000000
1111011111111111111111111111111111111111111111111111111111000000000000000000000000000000000000000000
1111101111111111111111111111111111111111111111111111111111000000000000000000000000000000000000000000
1111110111111111111111111111111111111111111111111111111111000000000000000000000000000000000000000000
1111111011111111111111111111111111111111111111111111111111000000000000000000000000000000000000000000
1111111101111111111111111111111111111111111111111111111111000000000000000000000000000000000000000000
1111111110111111111111111111111111111111111111111111111111000000000000000000000000000000000000000000
1111111111011111111111111111111111111111111111111111111110000000000000000000000000000000000000000000
1111111111101111111111111111111111111111111111111111111110000000000000000000000000000000000000000000
1111111111110111111111111111111111111111111111111111111110000000000000000000000000000000000000000000
1111111111111011111111111111111111111111111111111111111110000000000000000000000000000000000000000000
1111111111111101111111111111111111111111111111111111111110000000000000000000000000000000000000000000
1111111111111110111111111111111111111111111111111111111110000000000000000000000000000000000000000000
1111111111111111011111111111111111111111111111111111111110000000000000000000000000000000000000000000
1111111111111111101111111111111111111111111111111111111110000000000000000000000000000000000000000000
1111111111111111110111111111111111111111111111111111111110000000000000000000000000000000000000000000
1111111111111111111011111111111111111111111111111111111110000000000000000000000000000000000000000000
1111111111111111111101111111111111111111111111111111111110000000000000000000000000000000000000000000
1111111111111111111110111111111111111111111111111111111110000000000000000000000000000000000000000000
1111111111111111111111011111111111111111111111111111111110000000000000000000000000000000000000000000
1111111111111111111111101111111111111111111111111111111110000000000000000000000000000000000000000000
1111111111111111111111110111111111111111111111111111111110000000000000000000000000000000000000000000
1111111111111111111111111011111111111111111111111111111110000000000000000000000000000000000000000000
1111111111111111111111111101111111111111111111111111111110000000000000000000000000000000000000000000
1111111111111111111111111110111111111111111111111111111110000000000000000000000000000000000000000000
1111111111111111111111111111011111111111111111111111111110000000000000000000000000000000000000000000
1111111111111111111111111111101111111111111111111111111110000000000000000000000000000000000000000000
1111111111111111111111111111110111111111111111111111111110000000000000000000000000000000000000000000
1111111111111111111111111111111011111111111111111111111110000000000000000000000000000000000000000000
1111111111111111111111111111111101111111111111111111111110000000000000000000000000000000000000000000
1111111111111111111111111111111110111111111111111111111110000000000000000000000000000000000000000000
1111111111111111111111111111111111011111111111111111111110000000000000000000000000000000000000000000
1111111111111111111111111111111111101111111111111111111110000000000000000000000000000000000000000000
1111111111111111111111111111111111110111111111111111111110000000000000000000000000000000000000000000
1111111111111111111111111111111111111011111111111111111110000000000000000000000000000000000000000000
1111111111111111111111111111111111111101111111111111111110000000000000000000000000000000000000000000
1111111111111111111111111111111111111110111111111111111110000000000000000000000000000000000000000000
1111111111111111111111111111111111111111011111111111111110000000000000000000000000000000000000000000
1111111111111111111111111111111111111111101111111111111110000000000000000000000000000000000000000000
1111111111111111111111111111111111111111110111111111111110000000000000000000000000000000000000000000
1111111111111111111111111111111111111111111011111111111110000000000000000000000000000000000000000000
1111111111111111111111111111111111111111111101111111111110000000000000000000000000000000000000000000
1111111111111111111111111111111111111111111110111111111110000000000000000000000000000000000000000000
1111111111111111111111111111111111111111111111011111111110000000000000000000000000000000000000000000
1111111111111111111111111111111111111111111111101111111110000000000000000000000000000000000000000000
1111111111111111111111111111111111111111111111110111111110000000000000000000000000000000000000000000
1111111111111111111111111111111111111111111111111011111110000000000000000000000000000000000000000000
1111111111111111111111111111111111111111111111111101111110000000000000000000000000000000000000000000
1111111111111111111111111111111111111111111111111110111110000000000000000000000000000000000000000000
1111111111111111111111111111111111111111111111111111011110000000000000000000000000000000000000000000
1111111111111111111111111111111111111111111111111111101110000000000000000000000000000000000000000000
1111111111111111111111111111111111111111111111111111110110000000000000000000000000000000000000000000
1111111111111111111111111111111111111111111111111111111000000000000000000000000000000000000000000000
1111111111111111111111111111111111111111111111111111111000000000000000000000000000000000000000000000
1111111111000000000000000000000000000000000000000000000000000000000000000000000000000000000000000000
1111000000000000000000000000000000000000000000000000000000000000000000000000000000000000000000000000
1100000000000000000000000000000000000000000000000000000000000000000000000000000000000000000000000000
1000000000000000000000000000000000000000000000000000000000000000000000000000000000000000000000000000
1000000000000000000000000000000000000000000000000000000000000000000000000000000000000000000000000000
1000000000000000000000000000000000000000000000000000000000000000000000000000000000000000000000000000
1000000000000000000000000000000000000000000000000000000000000000000000000000000000000000000000000000
1000000000000000000000000000000000000000000000000000000000000000000000000000000000000000000000000000
1000000000000000000000000000000000000000000000000000000000000000000000000000000000000000000000000000
1000000000000000000000000000000000000000000000000000000000000000000000000000000000000000000000000000
1000000000000000000000000000000000000000000000000000000000000000000000000000000000000000000000000000
1000000000000000000000000000000000000000000000000000000000000000000000000000000000000000000000000000
1000000000000000000000000000000000000000000000000000000000000000000000000000000000000000000000000000
1000000000000000000000000000000000000000000000000000000000000000000000000000000000000000000000000000
1000000000000000000000000000000000000000000000000000000000000000000000000000000000000000000000000000
1000000000000000000000000000000000000000000000000000000000000000000000000000000000000000000000000000
1000000000000000000000000000000000000000000000000000000000000000000000000000000000000000000000000000
1000000000000000000000000000000000000000000000000000000000000000000000000000000000000000000000000000
1000000000000000000000000000000000000000000000000000000000000000000000000000000000000000000000000000
1000000000000000000000000000000000000000000000000000000000000000000000000000000000000000000000000000
1000000000000000000000000000000000000000000000000000000000000000000000000000000000000000000000000000
1000000000000000000000000000000000000000000000000000000000000000000000000000000000000000000000000000
1000000000000000000000000000000000000000000000000000000000000000000000000000000000000000000000000000
1000000000000000000000000000000000000000000000000000000000000000000000000000000000000000000000000000
1000000000000000000000000000000000000000000000000000000000000000000000000000000000000000000000000000
1000000000000000000000000000000000000000000000000000000000000000000000000000000000000000000000000000
1000000000000000000000000000000000000000000000000000000000000000000000000000000000000000000000000000
1000000000000000000000000000000000000000000000000000000000000000000000000000000000000000000000000000
1000000000000000000000000000000000000000000000000000000000000000000000000000000000000000000000000000
1000000000000000000000000000000000000000000000000000000000000000000000000000000000000000000000000000
1000000000000000000000000000000000000000000000000000000000000000000000000000000000000000000000000000
1000000000000000000000000000000000000000000000000000000000000000000000000000000000000000000000000000
1000000000000000000000000000000000000000000000000000000000000000000000000000000000000000000000000000
1000000000000000000000000000000000000000000000000000000000000000000000000000000000000000000000000000
1000000000000000000000000000000000000000000000000000000000000000000000000000000000000000000000000000
1000000000000000000000000000000000000000000000000000000000000000000000000000000000000000000000000000
1000000000000000000000000000000000000000000000000000000000000000000000000000000000000000000000000000
1000000000000000000000000000000000000000000000000000000000000000000000000000000000000000000000000000
1000000000000000000000000000000000000000000000000000000000000000000000000000000000000000000000000000
1000000000000000000000000000000000000000000000000000000000000000000000000000000000000000000000000000
1000000000000000000000000000000000000000000000000000000000000000000000000000000000000000000000000000
1000000000000000000000000000000000000000000000000000000000000000000000000000000000000000000000000000
1000000000000000000000000000000000000000000000000000000000000000000000000000000000000000000000000000
