268
1 2
2 3
3 4
4 5
3 6
6 7
7 8
8 9
9 10
9 11
8 12
12 13
12 14
14 15
14 16
14 17
14 18
12 19
8 20
20 21
20 22
20 23
8 24
7 25
7 26
7 27
6 28
28 29
29 30
30 31
31 32
31 33
30 34
34 35
35 36
34 37
30 38
38 39
29 40
29 41
41 42
41 43
6 44
44 45
45 46
46 47
47 48
47 49
46 50
45 51
44 52
52 53
53 54
54 55
54 56
56 57
56 58
53 59
44 60
44 61
6 62
62 63
62 64
64 65
6 66
66 67
6 68
68 69
69 70
70 71
70 72
69 73
73 74
68 75
6 76
76 77
3 78
78 79
79 80
79 81
2 82
82 83
83 84
84 85
85 86
86 87
85 88
88 89
88 90
83 91
91 92
83 93
93 94
94 95
93 96
96 97
97 98
82 99
99 100
100 101
82 102
102 103
103 104
104 105
105 106
103 107
102 108
108 109
108 110
108 111
82 112
112 113
113 114
2 115
115 116
116 117
117 118
118 119
119 120
119 121
116 122
122 123
123 124
124 125
122 126
122 127
116 128
128 129
129 130
130 131
131 132
132 133
132 134
132 135
116 136
116 137
116 138
115 139
139 140
115 141
141 142
2 143
143 144
144 145
144 146
143 147
147 148
147 149
143 150
150 151
151 152
150 153
153 154
153 155
153 156
143 157
143 158
158 159
143 160
2 161
161 162
162 163
163 164
161 165
165 166
165 167
161 168
2 169
169 170
2 171
171 172
171 173
173 174
171 175
175 176
171 177
1 178
178 179
179 180
180 181
179 182
182 183
182 184
179 185
179 186
186 187
187 188
178 189
189 190
190 191
191 192
192 193
189 194
194 195
195 196
196 197
194 198
198 199
189 200
200 201
201 202
178 203
203 204
204 205
205 206
205 207
205 208
208 209
204 210
203 211
178 212
212 213
213 214
214 215
212 216
216 217
217 218
212 219
219 220
219 221
178 222
178 223
223 224
224 225
1 226
226 227
227 228
228 229
229 230
230 231
231 232
230 233
233 234
233 235
227 236
236 237
237 238
238 239
238 240
237 241
237 242
236 243
226 244
1 245
245 246
246 247
246 248
246 249
245 250
250 251
250 252
250 253
245 254
254 255
255 256
256 257
256 258
255 259
259 260
260 261
255 262
255 263
254 264
245 265
245 266
245 267
1 268
806
I 94 17739
G 36 156
G 134 121
I 46 6085
I 17 25464
I 235 25413
G 203 100
G 263 75
G 150 261
G 249 226
G 220 75
I 85 29533
G 252 180
I 195 22893
G 189 128
G 239 93
G 101 181
I 56 14988
G 234 251
I 34 5457
I 126 27476
I 213 10335
I 213 2964
G 131 176
I 200 12441
G 61 48
I 138 32449
G 68 115
I 161 17835
G 46 27
G 123 139
I 223 5088
I 227 11390
I 229 12544
G 101 42
I 215 12869
I 89 20428
G 122 38
I 78 23972
G 88 190
I 16 13761
G 75 121
I 185 23486
G 145 264
I 148 6117
G 257 195
I 191 2044
G 91 77
G 103 198
G 76 258
G 32 236
I 188 23097
I 17 11253
G 221 156
G 66 48
G 93 119
I 45 25232
I 189 14006
G 205 53
G 216 149
I 215 21328
G 84 2
I 74 4388
I 209 2516
G 119 121
I 70 23255
G 252 198
G 16 1
G 237 12
I 44 883
G 120 131
I 215 3634
I 90 11816
G 87 133
G 8 32
I 196 31559
I 126 8415
I 213 32210
I 242 26984
I 245 11102
I 206 722
G 156 214
I 98 18287
G 10 211
I 256 23008
G 200 113
I 142 20648
G 103 261
G 142 61
I 175 7845
G 81 14
I 119 15348
I 8 28358
I 83 29136
G 203 178
G 216 43
I 172 1621
G 203 246
G 74 196
I 9 30652
I 254 5129
G 170 223
I 24 16203
G 241 116
I 76 27776
I 29 10640
I 99 12501
I 224 12970
I 7 8310
G 94 78
I 154 18293
G 167 203
I 212 6642
I 133 6259
I 255 18674
G 123 255
I 221 30381
I 90 8187
G 268 55
G 203 162
I 19 19398
G 259 154
G 14 79
I 59 26655
I 52 16035
I 28 12874
G 199 132
I 52 23632
I 244 7978
G 48 247
I 212 14940
I 253 17956
I 81 28449
I 87 23351
G 19 54
I 49 22898
I 6 737
I 101 31641
I 225 7740
G 79 139
G 28 134
G 228 261
I 126 8954
I 254 12202
I 32 30913
I 225 21072
I 184 20016
I 241 4475
I 219 22517
G 199 25
I 145 31122
G 46 262
I 192 10036
G 138 134
G 234 177
I 161 32611
G 255 203
G 54 261
I 185 5188
G 257 245
I 106 15034
G 234 70
G 21 37
G 205 64
I 72 10495
G 19 262
I 8 9849
I 257 2417
G 24 92
G 32 76
G 56 148
G 231 46
I 179 6616
I 24 27343
G 35 167
G 66 248
I 30 23127
I 58 744
I 184 24192
G 58 125
G 190 148
I 256 11526
G 5 169
I 88 17784
I 237 11088
I 107 4998
I 123 32055
G 265 55
G 13 101
I 57 21341
I 59 4945
G 50 42
G 250 242
G 237 232
I 34 8659
I 70 4323
I 217 5435
I 146 12881
G 88 80
I 107 16207
G 118 172
I 77 25561
I 101 8823
G 136 94
I 138 12500
I 133 2437
G 20 207
G 91 30
G 22 50
I 176 29362
G 268 264
I 131 15177
I 222 25172
G 160 179
I 147 17684
G 1 12
G 234 251
I 114 9832
I 45 1451
G 175 203
G 86 200
I 158 998
G 201 167
G 136 196
I 12 8811
G 203 264
I 135 23109
I 198 18603
G 238 90
G 141 184
G 226 112
I 164 8004
G 140 189
G 20 225
G 167 145
I 236 9168
G 263 105
G 19 76
I 238 15046
G 104 25
I 80 30266
G 185 175
I 67 442
G 104 75
G 88 148
G 87 216
I 12 5866
G 208 105
I 127 20977
G 243 263
G 57 184
G 19 66
I 166 2574
G 184 111
G 256 228
G 23 166
G 200 102
I 6 12414
G 187 30
G 81 136
G 153 227
I 167 4226
I 263 14176
I 156 20871
G 126 136
I 102 27851
I 167 22246
I 6 32409
I 136 21080
I 195 20564
I 16 9370
G 79 134
I 264 2743
G 79 14
G 142 187
I 141 27110
I 118 13756
I 66 2026
G 35 186
I 259 1840
I 116 14501
G 231 237
G 50 206
I 228 7642
I 185 7901
G 43 48
I 8 12880
G 95 6
G 54 83
I 169 18323
G 15 193
G 145 136
I 1 14358
G 220 176
G 107 108
G 79 59
I 29 3226
I 234 16051
G 44 182
G 29 8
I 92 29201
I 108 31837
G 255 230
I 150 24842
I 138 22107
I 130 28143
I 136 32094
I 121 31695
I 257 27983
I 60 27727
I 133 6134
I 60 3348
I 102 20582
G 145 220
I 166 6843
I 147 11624
G 79 90
I 208 26910
I 40 22204
I 219 2078
G 142 184
G 157 164
G 226 43
G 188 4
G 238 212
I 129 15753
G 197 214
I 72 25052
G 251 132
G 104 212
I 187 15945
I 214 356
I 203 24718
G 254 106
I 27 23080
G 114 114
I 130 30782
G 188 136
I 190 3893
I 157 23317
G 61 106
I 206 10077
I 1 32477
G 56 27
I 259 11597
I 118 25779
I 162 1058
I 32 17505
I 77 15101
G 178 102
I 201 20892
G 265 1
I 216 11959
I 12 16698
G 245 268
I 48 4763
G 199 52
I 265 25993
I 114 20655
I 225 9309
I 113 6254
G 145 101
I 211 18801
G 93 144
G 49 248
G 138 246
G 27 53
I 251 25252
G 192 237
I 27 5634
I 32 23598
I 150 31086
I 255 31789
G 202 149
G 32 235
G 103 93
G 125 26
G 200 176
I 244 29345
I 175 5500
G 89 259
G 213 265
I 14 27081
G 47 112
G 16 167
G 256 120
I 11 12635
G 7 204
I 174 24993
I 172 16678
I 237 11160
I 160 525
G 192 114
G 172 55
G 33 39
I 254 26952
I 18 28724
I 167 11933
G 143 120
I 181 8097
G 244 199
G 235 33
I 9 6050
G 229 4
I 101 27303
I 170 6486
G 130 198
I 4 11713
I 242 27370
I 241 26028
I 184 18066
G 120 106
G 249 11
I 66 8986
G 268 249
G 206 149
G 55 197
G 185 216
I 33 10126
G 261 168
G 82 171
I 155 7001
I 15 24955
I 254 14117
G 50 47
G 261 217
I 209 3688
G 268 136
I 110 18062
G 45 33
I 260 32745
I 79 16307
G 71 48
G 102 141
G 110 58
I 121 3644
I 85 25588
I 257 26160
G 18 254
G 173 129
I 268 22481
I 153 18497
G 250 140
I 54 1272
G 103 204
I 123 22360
G 159 165
G 238 138
G 119 107
I 105 11633
I 46 703
I 116 32548
I 43 929
I 9 25370
G 159 260
I 151 987
I 97 13645
I 88 335
G 202 228
G 64 49
I 225 22028
I 40 9623
G 206 17
I 246 29713
G 247 208
I 130 13406
G 230 148
G 245 118
G 177 112
I 176 13717
I 77 29700
G 92 212
I 93 8765
G 35 12
I 224 25638
G 202 170
G 153 250
G 195 63
G 74 69
G 195 184
G 233 40
I 102 13206
I 159 6215
I 250 17292
I 6 2790
G 94 117
G 202 166
G 50 113
G 68 73
I 54 20666
G 24 260
G 39 84
G 267 244
G 161 6
I 145 12254
G 74 230
I 49 26539
I 78 3591
I 30 11855
G 76 244
I 179 16740
G 58 131
I 94 8936
G 266 154
G 227 83
G 51 35
G 173 58
G 40 65
G 189 107
I 239 22275
G 149 108
I 200 12082
I 266 11011
I 4 5345
I 120 12670
I 257 12357
G 209 150
G 191 57
G 115 42
I 225 30980
G 79 138
G 14 115
I 153 419
G 211 173
G 164 27
G 267 192
G 235 117
I 27 29334
G 154 123
I 91 30611
I 129 13599
I 55 26496
I 18 23736
I 207 5082
I 194 22970
G 127 159
I 197 17413
G 89 198
I 87 28572
I 152 6698
G 81 193
G 193 108
I 106 414
G 58 4
I 92 19627
I 21 13259
I 100 3004
G 103 38
I 237 4083
I 179 15709
G 103 216
G 214 133
G 233 128
I 157 25142
I 75 4240
G 120 72
G 208 154
G 31 97
G 119 103
G 53 237
I 153 28736
G 251 62
G 4 214
G 214 19
G 202 47
I 80 22699
I 104 14929
I 2 11102
G 3 97
G 173 13
G 239 14
G 230 142
G 256 183
I 144 7179
I 90 31049
I 254 10412
I 93 19270
G 91 245
I 56 22616
G 205 263
I 90 16619
I 162 24835
G 150 196
G 114 267
I 16 23683
G 2 220
I 258 20562
G 220 10
I 160 14160
G 151 194
I 91 25308
I 27 29935
I 17 894
G 225 11
G 143 107
G 13 4
I 170 27790
G 160 98
I 209 6791
I 221 27733
G 97 259
G 176 82
I 148 15287
G 145 99
I 218 4425
I 208 3583
I 228 11816
I 2 12475
I 100 12268
G 90 148
G 171 257
G 86 55
G 61 42
I 200 14608
G 255 205
G 21 77
G 167 65
I 185 19716
I 203 21313
G 265 129
G 70 173
G 234 58
G 51 87
I 115 32023
G 48 116
I 78 21557
G 157 167
I 236 16713
G 192 141
G 155 27
I 248 1074
I 254 28063
G 43 245
G 34 122
I 170 28509
G 147 215
I 31 26732
G 262 167
I 193 1810
I 146 29514
G 4 175
I 204 14064
I 126 21006
I 112 3239
G 124 119
G 62 247
G 75 165
G 123 98
G 146 135
I 210 25366
G 245 78
G 265 223
G 15 261
I 157 9945
I 113 871
I 159 5340
I 49 26455
I 68 12795
G 206 217
G 238 268
I 147 29165
I 213 13687
I 10 13611
G 58 45
I 53 18932
I 85 26599
G 15 33
G 54 68
I 247 14351
I 13 5789
G 196 134
I 192 15251
I 79 13243
G 223 210
G 44 40
I 93 26296
G 209 22
G 255 22
G 13 50
I 71 3228
G 61 110
I 234 15589
G 93 234
G 118 266
G 148 209
I 118 11613
I 42 2297
G 76 11
G 27 260
G 122 17
I 235 32262
G 216 57
I 11 31532
G 223 180
I 31 8010
G 53 189
G 7 258
G 251 114
I 120 29588
G 135 32
I 30 3786
I 53 13624
G 243 96
G 198 222
G 244 216
I 70 14607
G 82 216
G 218 181
G 50 87
I 68 30022
G 6 16
G 127 140
G 80 87
I 156 6632
G 219 112
G 265 28
I 179 10841
G 52 249
G 88 79
G 194 39
G 228 39
G 140 252
G 220 59
I 82 31230
I 104 27030
G 120 172
G 110 196
G 143 4
G 217 13
I 51 4811
G 64 97
G 178 197
I 228 20278
I 147 31738
I 70 31369
I 29 7728
G 15 175
G 178 210
I 36 510
I 51 4721
I 161 3570
I 207 19609
G 253 185
I 105 32081
I 216 32688
I 116 7576
G 198 86
G 161 119
I 166 29398
G 139 88
G 227 152
I 108 21002
G 27 133
I 35 1676
I 97 4505
I 52 25432
I 163 20162
I 116 11810
G 260 159
G 251 163
G 127 172
G 266 239
G 81 127
G 202 109
G 249 207
I 210 18651
I 234 30739
G 157 140
I 216 22557
I 258 8425
I 125 26891
G 68 207
G 252 145
I 70 9001
I 23 24047
I 162 29254
G 199 33
I 267 20332
G 175 17
G 196 17
I 64 30311
G 104 22
I 39 29947
I 44 21619
I 108 10017
I 246 8205
G 120 248
I 130 32286
I 18 4168
I 204 15406
G 76 187
I 231 23191
I 169 696
I 203 6482
I 99 8024
G 265 226
I 113 15231
I 186 7636
G 143 25
I 74 592
G 195 36
I 138 26023
G 86 128
I 49 23147
G 185 17
G 81 200
