0
0
0
0
0
0
0
0
0
0
0
0
0
6085
0
6085
0
0
0
29533
0
0
22893
0
0
0
11390
0
6085
0
0
0
0
0
14006
13761
11390
0
29533
0
45509
0
14006
11102
20648
23972
0
0
11102
31559
5088
11390
29136
17835
18674
883
17835
18674
28358
14006
25232
39667
23972
12874
18674
14006
25232
32449
12544
18674
39667
23008
23255
28358
737
28358
38207
30913
39667
25232
50446
11102
39667
14006
0
39667
38207
25232
26984
12544
29533
1621
29136
38207
29136
38207
17331
6616
38207
12544
7845
29533
50446
31559
17331
29533
44208
0
14006
38207
50446
18674
38207
8310
28674
737
29533
29533
0
18674
44208
38207
44208
34534
50446
14006
23127
28449
11390
44845
23972
45560
20648
45560
12544
45560
45560
45560
45560
51087
31122
29362
27851
45560
45560
51087
18674
31122
29533
44208
50446
45560
23097
21582
45509
28143
48433
48433
9832
53174
48433
45560
48433
46835
46835
46835
40464
29136
46835
67056
45560
46835
46835
72016
48433
45560
46835
50463
46835
45560
51087
50463
46835
46835
45560
23127
39535
46835
46835
46835
58925
48433
51087
46835
46835
46835
36575
50463
0
6085
58400
53174
45560
45560
48433
48433
58400
15753
46835
48433
50446
67056
48433
58400
46835
45560
51087
46835
46835
47049
0
46835
51087
46835
55928
46835
4388
62274
46835
47049
50446
48350
0
58400
48350
46835
50446
48350
48350
72331
55928
46835
48350
48350
48350
61639
61639
55928
48350
48350
67056
51087
46835
50446
46835
47049
55928
47049
55121
46835
61639
48350
61639
61639
72331
47049
48350
55928
48350
61639
48350
48350
46835
51087
48350
29136
51087
51087
46835
58400
46835
68812
55928
46835
46835
62072
55928
91129
61639
51087
29136
68812
43079
43376
67671
68917
55121
48350
68812
70362
50446
47049
48350
48350
55121
48350
50446
46835
87983
48350
48350
46835
96875
23577
54415
48350
50446
54415
72331
49120
46835
96875
46031
46835
39667
51087
48350
72331
46031
48350
51087
96875
51087
61639
54331
47049
58473
62072
96875
51087
48350
39065
48350
96875
46835
72331
54331
25172
46835
46835
39065
81720
51087
47049
81720
46835
48350
48350
81720
48350
48350
46835
48350
51148
61639
23577
51087
54331
43457
51087
46031
56291
81720
54625
81720
55928
87983
96875
54016
66435
46835
66435
61639
46835
58404
48350
46835
48350
51087
51087
61639
66435
49906
46835
48350
48350
81720
56291
49120
