0
0
0
0
7539
7539
0
0
0
39358
38067
2949
7539
63046
56403
84567
0
10250
111052
0
9060
51864
49776
84725
116709
367
0
8162
11703
10805
0
174235
226703
54642
82960
12752
54642
78205
185646
0
1755
157660
172061
143478
187296
117596
68824
165766
67677
18063
172061
41398
0
12738
4252
121701
41057
71514
8500
259739
26461
26461
295279
261670
159452
71292
64001
255911
31054
232698
159201
42046
158777
271983
293978
132193
49383
180385
271983
109134
310245
129838
33523
7997
273415
400392
233328
197833
42930
321354
61773
9230
88571
219985
208686
158777
237440
293978
56023
208584
402161
287255
113239
363223
261122
26265
307818
160617
207421
198684
142146
90147
393802
336932
28510
198684
383139
143678
34783
27498
99863
377688
156603
405389
418671
411653
434753
282071
10729
223609
384493
173041
432772
281802
146033
278286
308847
316854
55886
34813
389766
359702
439333
237760
237760
206626
123307
338762
90147
402985
90147
34921
52960
24898
73808
131120
67783
462829
470620
129200
109806
32490
4895
562899
33869
214990
28255
72730
90147
480726
120804
175549
420997
235451
133944
580470
228562
235451
19918
580282
308947
54728
449569
112722
11537
64520
427147
11195
466652
171091
607992
124349
219319
67393
125567
611618
108876
372313
616628
612773
163704
107191
383076
124843
509277
496410
0
399997
398053
194758
577028
351445
314654
9230
190331
451416
356413
161360
207715
39548
543590
543590
661191
54182
123768
461399
588196
27422
190331
488899
545728
397015
545728
460538
49214
24269
300980
631292
648854
693713
6536
37544
397573
607068
289751
209004
179695
461816
209004
798150
690490
33609
751226
854066
152779
338558
879624
877243
41281
42098
801536
23150
850886
796077
16575
806213
837750
52008
326289
117890
646796
230541
18086
627839
4553
937088
39302
466708
893733
143146
240763
26012
0
877428
365116
357597
400092
360593
773846
676437
82858
569976
7455
424954
39606
231807
959469
545477
766501
591497
912142
26687
569976
168461
348175
768488
473031
503566
196629
585350
76983
194413
209848
921588
6608
895335
965486
959996
108866
350936
840195
0
352107
34795
226927
699121
944383
8282
955189
483533
110246
949853
282662
83044
31658
62026
1033292
255560
775279
656153
205537
903658
112454
591219
9549
867751
480963
40140
579552
384953
932217
452535
526448
31259
829189
542659
321832
51065
33252
648430
682039
1099
659005
811627
682039
795949
723969
983297
647965
556573
237747
126602
523870
945894
516906
1067964
338305
84911
944734
942692
984391
403543
403543
408666
705778
294839
227831
443223
644521
591310
307585
512759
203536
292908
206281
803979
1085324
1181033
403906
182050
1178955
338339
560987
40369
137421
915398
458330
70316
320508
890686
58071
764177
1330675
74855
601683
1169931
190254
254218
906146
707731
422147
981181
223152
1210355
0
248432
538741
147519
252370
500168
1155192
0
1091794
603197
1037855
73525
1225435
0
1378016
1122458
1420162
526641
576885
48738
204911
217633
169353
985668
771174
1346503
1302353
293265
1079956
1172955
19665
187987
826863
1057648
262883
423573
1271313
1417287
1289041
1370237
815123
375276
204501
1544599
525618
906024
1021056
1439772
552748
1262349
92184
1291520
682532
39366
53885
613893
1008916
231729
131510
525289
954282
1196538
226309
86126
268876
10076
87369
875532
199058
442287
526079
1081429
583464
82349
1167125
1486
1168647
830158
148186
31578
619904
347980
363412
1459290
227167
289858
157849
703473
333286
992695
1375627
1489523
1495699
197674
1136462
276203
935957
574885
1634969
88693
1029332
335866
1461854
124341
145242
1118750
266892
1559199
1592659
708965
1551306
1096990
1699751
1428967
497001
95067
172719
605652
1678242
400838
20632
647933
169297
104329
0
1911697
600178
1772270
115102
373411
957342
583567
692510
1160361
457242
193275
454900
763132
1823576
506810
509189
131219
1815906
1350615
120623
589334
206527
378956
598237
53095
1350615
1727268
836477
880130
1381392
474730
6393
998320
592740
1614169
187326
58109
35393
373297
855895
1561107
11801
174414
229310
928785
1703020
1788266
1685446
648100
3543
1725955
1345770
1510283
363990
103106
1682330
1028006
515167
1710191
0
1852121
713176
1814994
523729
21691
1416104
930033
740566
182069
134480
1694198
1008347
67159
1544624
248984
1554686
1633278
347627
523998
2085636
134457
1778093
1721913
2063086
1618827
1567448
1462870
1115972
912142
813498
1708200
276562
1717624
1570512
704590
111685
476558
966319
196303
2072408
619876
17036
1272965
2090849
662691
378599
583381
217417
2089709
2249586
1062265
370723
236169
1409043
254156
1056315
692523
1074742
251335
1695282
234122
2200350
285115
2181640
930308
63579
217639
2117527
590038
808160
1504863
1159815
954999
596764
1924109
402121
273688
2209241
1446772
540013
148019
1970965
386742
1434274
309088
2314698
13933
1944847
450903
2216561
77345
668224
605743
1503602
1495297
1463718
66763
1149299
624486
747148
846546
66119
289871
931002
73505
247520
325406
284250
822307
824263
266977
269335
1358197
1998959
120663
1532035
1295532
216672
288803
1812688
955849
658798
1861902
2009116
386522
166430
1745185
753435
275903
2305821
1579524
879157
35082
296155
409703
685680
1521254
713307
676331
2485256
565010
593088
22758
954736
483266
111083
1842915
981219
716388
1131323
895351
1282255
755029
1050090
214662
232872
842375
210640
600292
1052617
232950
2411086
510199
1139227
2274238
961605
213451
692745
589076
445632
8419
183985
779848
1910835
1094821
400625
1014892
2433525
818474
278067
2537851
249371
364858
112238
1547695
1616456
332270
2156452
2415595
1392555
1197398
1208082
149324
61729
931018
2279223
1807602
1304866
2188396
128896
914213
446605
657638
1411074
2054933
1459436
1905072
2667219
472620
448763
1397436
461644
1220059
2456376
225137
489959
2596478
1023282
1363437
1551806
2358964
1043237
120540
2411045
113896
210242
16430
1973190
2742670
401534
1299938
2565062
1323980
703536
670778
624029
1997273
190354
2782753
235770
2288162
546420
60855
588675
2405682
528682
453051
1385416
530982
573315
386908
674324
2713956
574307
2729332
883116
2336152
2241949
2790833
2707745
868122
1506509
1944264
2364850
2597537
1469978
1845560
146895
1994157
1214248
2457932
1490473
397990
1067347
2118225
143678
1427846
2286041
725937
1906157
1858814
4672
571849
713528
1661300
1073548
1965750
1978911
1417483
1333123
359918
2873802
2697566
145112
2287753
1993199
2429285
28863
269475
1121419
2726232
518206
1653200
589334
2107540
1270490
444971
1943652
346518
1148670
983066
2969391
2389694
2432628
281595
2827790
1290785
695402
321828
672634
3148499
2290237
3051616
68911
186545
107744
628432
1802760
3077931
455570
474266
2160379
1668928
2823284
2630865
1563049
1478128
3021433
243562
2010682
864742
645030
10475
1044922
3178782
243850
2557735
522206
136362
1829024
1992320
2854767
1224867
2218210
2015974
3239099
800828
134212
1482169
1343600
2548210
1840854
2638003
671407
142287
2189921
2248003
1719364
2361787
336423
173814
2236769
1030215
1338618
1947122
3180556
58070
1437716
784394
3058461
3291020
103907
973203
2931251
8476
25092
3063348
1303213
1955577
2574937
2546677
2663166
1988700
1773131
1794739
829239
25523
1572383
3173506
2748684
334844
2130256
1114156
170134
2458231
276628
1886278
2376962
221136
587987
1201442
892863
3394927
1089187
1698722
1055422
946312
97798
1464563
3025802
496583
812414
1304455
22779
31741
3347726
3140
3469437
792865
15842
52507
8473
1352059
3632299
255336
147756
2554311
2642544
89200
729478
1903640
2004973
824899
404103
279703
2748234
2413286
147263
1032145
3369022
2176926
3586886
253736
3101302
2543099
828240
208591
2216173
971044
1337580
2776393
1061575
2036937
2287423
114025
298861
2352553
2643869
2206239
3719987
700322
731952
2527361
1350009
3461085
1929585
3185702
3428919
3270510
2294592
1963330
1219044
1421836
879297
1203116
473267
102653
320906
1049470
3530841
1196270
403607
3322182
908906
2617267
3006441
1983
3025783
3485744
2536924
874348
1098307
2417087
2762258
3476022
2312666
152378
479682
2028931
1362687
1189431
1116102
270525
3147000
2168752
3606452
2690006
2942724
415532
359084
1356311
1477802
284417
417485
1672029
2956202
2386226
1908423
228096
13862
1311813
1262677
248152
213485
3774726
1535256
2937766
1187119
775337
1249664
2000765
3712250
3534048
3731003
1758799
1444302
3591924
3138686
2335414
731146
31359
377745
1732169
1083851
525350
258912
1193384
3076944
2604663
376775
2273101
3357276
241130
2384763
968409
1363997
334555
125454
3545195
1166435
1946586
351425
3770023
1169507
2835472
1052953
757753
774234
1953880
23057
471891
3078058
1279407
277655
970489
3102834
279392
3329581
1164581
44584
191238
599784
1211149
130217
1523784
3810156
2621193
264224
2646694
248863
3616277
2217324
2961366
2248523
2001468
1969755
3211839
0
597944
806188
1746854
3155537
2500237
3342887
855732
1304549
2676989
863058
3121018
1686675
733666
532805
2660759
256647
3112476
2829176
336724
994560
705557
2113790
3115467
1683296
192076
1183586
3923914
633523
3687411
1168228
695198
3699654
363478
2794604
844000
784938
3489244
1517837
3015153
3356738
942096
763131
2885130
689988
918595
3007716
2195067
1550417
76375
3921223
247895
3500666
2538607
3494229
444863
2915623
191032
115212
1327559
647735
108949
369199
191059
1264387
3476395
999212
878888
159080
4150188
3351971
725144
1530938
1667013
710243
52788
874395
3531681
778128
2719460
3434725
1735683
2915605
65561
3900534
759503
2547045
3721066
840934
1042733
1599511
3036309
3985183
1086808
191485
2972101
2933650
3459519
117574
135563
1652454
963209
583064
819989
1499426
247155
4055961
360975
124961
546116
3930331
695367
2262942
3245345
1829
4055693
4347187
838660
1490664
3032568
4204280
2196569
1202194
923832
713568
1619037
1854458
1082690
690249
3684524
2108005
3089405
182821
277263
445271
4342990
3089117
1070550
3365843
1611675
789325
358079
3718655
277991
4219171
4409974
1372924
299602
2753955
4232131
2083893
474128
1345063
3329884
866307
513605
3942482
838347
1750672
2721476
2415307
50469
1345845
3934650
886512
2514761
1297787
664874
55339
1097950
28599
520609
2023044
1029643
910296
4154133
1320126
2983985
763328
143528
93869
3324867
104998
4010523
85457
481846
907891
264043
247895
3746131
2652914
436830
4257428
3099633
3158117
2062764
637849
1594860
3043856
348365
3160167
2991583
382940
2691711
3125120
1113460
1199616
194938
4318760
2034415
2103293
333242
3846220
891893
1423275
994008
1475617
3810011
1013741
680529
1951689
1570987
4105049
201442
227738
1116509
3398395
911135
4406036
1565790
3773586
608572
401359
1085626
49320
336743
632815
1031944
387719
555342
2166595
1007265
4471892
894761
1615490
371827
3089549
1732124
1421922
1200914
1138280
1359638
156099
257116
3294732
349300
3044285
236659
1734067
406477
1323565
2859723
1104949
240497
4621094
2995888
241250
3697008
3861244
2559868
4747877
1011374
3263002
4227009
16091
276677
247895
4029855
4042680
2823938
3702254
2915647
3845154
783613
3516196
4465461
1163352
4481054
3335734
935866
939250
3666799
2508704
4152557
1790774
1578057
3996169
4367775
543527
4511501
3864497
2855275
1953481
2607632
1104091
2510181
1130700
240829
1768834
1956572
431726
2231554
4079370
0
4611488
3736866
2827449
684444
4745120
461516
16467
2595537
760895
154183
4366154
1922503
1440074
322140
177175
3832764
3688359
3558387
4957113
3063334
684186
4446819
1341112
4312275
2440713
2155803
3121574
1522214
544095
1572872
2643091
407906
1328648
2036140
27645
50937
1358890
4601101
2030061
2537462
350147
2828613
3707596
570818
3961032
3586505
2919724
2700812
71332
3535850
1620500
4968302
3285720
849163
541445
717602
810282
3831610
1364288
3953977
2163535
3775003
2562987
4601129
621280
4888227
127286
403978
570229
4900354
1159348
2511208
247895
409686
43021
3088100
2662106
4271520
4976025
203246
4075528
2459239
4643070
2056864
786406
2055363
1975343
134499
965720
262790
654237
2227561
55642
4029108
439669
1427936
2559439
2564632
5029715
2904978
1815560
156428
3032710
117625
515570
3907193
2170625
5196888
180087
5154052
4078154
3522036
5268474
1270542
1850663
3298672
217407
308099
916328
224206
247895
631754
378973
943511
370781
688610
3592433
1398715
3977841
484511
395863
1629018
2190913
5062457
1224134
2417589
3680428
3349743
3291920
4686516
277559
798447
2951300
4012192
1226561
1399550
3288081
934883
1969789
1948306
4933597
2783367
1252279
2109465
180902
863139
1090552
458999
1788536
639548
169520
186789
1020554
1044207
5264
35681
3057759
319274
329445
59917
2453883
1703280
1565100
3321685
1836295
1662650
223515
3327478
4408039
3712712
4553740
255078
4423363
14950
265794
4427471
5237904
3503765
3136484
772428
883391
2099463
3755753
2414611
1277249
1655977
1235850
1831332
833892
2436073
1882382
3213573
5332157
3980554
4087017
4186715
4533422
1787407
88319
2870647
381649
2080607
5266572
3251157
285291
760885
89212
1807789
4692435
4666129
581863
1043977
126040
1954124
3498959
5431287
602908
230604
4782256
5291277
1962902
1703626
1920326
1689091
5247232
2196372
4476463
2541133
18755
1617216
3950566
2775939
4544077
1139851
2204227
2536540
2159330
1567183
600304
1885703
138304
1854691
1197725
248190
1703618
464703
4727464
242717
1244429
2235924
782942
5476270
5401180
546161
4993598
1364585
2027511
1186534
5764213
748246
2346415
4786704
477912
1574462
5204559
96742
1721938
364017
1368739
546591
1445991
764803
1146300
3748406
1652622
5562298
5743329
2002418
935761
1472542
4251737
286345
844156
4691691
615985
484033
549448
674359
75602
1426403
1325506
332602
4686233
1663586
3545590
5402100
217738
3194678
5920969
4536588
1003045
3421559
5968514
4748780
31217
2459666
2170233
5147761
4470499
454776
1080593
398241
3584011
4499785
1108509
4039554
3276046
584088
4265465
3454857
3013000
5887533
2268255
277371
2973900
4087747
294754
1941544
2862326
504627
1218797
2451628
5101323
1513130
5817829
462333
12747
4721718
328008
5117244
2312125
3813087
263452
1156212
3461886
5110174
555102
6069585
4542694
5229915
3899973
453960
4574203
2551243
2664870
2290585
462618
921054
24867
4912299
539098
5493089
1129249
401282
1479166
2258556
869725
586143
436180
4113283
2918365
2835198
6257944
2511160
853749
1276191
3417929
5582446
660517
1789664
335104
1915913
1725688
5571047
5538700
6131181
4968028
2322986
5650049
109211
3183046
4815235
625993
3390982
874957
3201834
3374263
3595003
484033
3420245
1278514
199317
3319939
680336
1432068
3645222
4785795
365221
1599304
2479123
5170078
263750
186274
4005350
73305
2824534
3295625
614848
1211353
1853457
4253602
5161895
92935
2512076
534698
1756068
4495571
3441060
373488
228915
3317559
4213217
306464
5973022
2064566
2120132
6282021
4827715
565378
3114771
10243
650519
1009514
3882705
1905700
1633204
847396
987090
1991653
2355131
1391200
140154
1884496
3537657
4857914
349072
2566452
1146065
3620270
768943
89033
3908976
5339773
401422
4240291
897365
706802
1427750
3365036
5388949
1700807
1120226
1387068
4614303
418270
2378426
1086265
2349169
2574942
1955863
3873756
2071519
3759981
248100
1377977
2389535
1032244
233624
364365
6228750
3882126
4406994
3702850
367999
6311761
1796763
866308
2694849
58758
137648
610903
1033402
1892048
1669653
2513893
15128
4372990
1428120
2959240
2121831
423069
1338232
2909960
6473620
1830381
5451678
1673647
135056
5368947
3636278
4674915
2970486
147947
813775
833636
6693564
2298607
516621
5116065
419020
5433115
2487375
2354320
6787892
198809
252464
2196414
3186418
2614603
380821
604025
108969
3122992
6761103
1612180
4720876
515326
337246
2981470
5443755
7565
6831605
4768721
2712147
5003079
4328583
118340
3710284
211952
4526827
1387773
2993129
161510
3587339
206453
6282978
5303555
1112767
4378719
5654695
1349221
254391
2884446
294810
6404020
4327318
4658047
705733
2074408
1965190
5360687
5444288
675561
4278332
6824321
3437604
190290
3307232
1345092
3851473
3025496
328598
6451647
4748378
996158
3167747
6057740
323190
6826231
2685835
116377
5464653
5505690
681338
4155182
5916128
3650757
2548189
1017653
2702102
3099418
4470884
1334520
1561378
4730905
1051420
3271186
5682967
287222
109588
5264922
2337370
4454340
827255
1028922
6821994
4085189
6452722
1455927
206748
6725513
1980879
978520
983025
920865
5330566
99456
933431
3394092
390673
176343
1293335
5540614
2271365
76589
4275302
1075425
4516530
6524570
1113703
4829199
6582000
4284832
6767841
1432678
3983989
298892
292900
1121
4759988
1522056
3587578
5039830
1590790
5272717
406626
790973
252118
4756932
2354288
3173696
1008698
3169638
3290802
4977546
6626524
4461436
1614948
1827560
2284548
1284453
1715705
6366617
1974527
6667534
5379796
6337563
1896273
1187487
5559888
49614
530934
6824066
1038798
1793142
7010530
4714859
617426
6287527
1457390
4218373
3494350
5673930
1427601
2981095
2685674
6782294
67116
4889538
1951827
7192563
6797470
1634662
1958686
609155
409396
2259198
476232
2423065
6079681
2186450
5900468
295825
609179
3488466
2298383
1045131
7438830
3100194
4601561
4671190
7376588
1190728
7448778
6996
3275442
1819487
6824680
1672123
2971534
1027216
5013956
4765382
1456691
322612
810587
968278
2703286
2506897
2996985
4279244
2245013
5949686
1931668
1239556
3937400
6839166
246698
3585113
7212200
2085447
48481
2672795
332322
2375530
4666071
5988002
1795283
6041611
2755620
5531917
1389774
3542411
967740
6783621
470171
3174588
2532903
850572
6499889
180613
2063586
61603
6524231
1240354
4504340
6856138
172441
1027500
3669427
4675190
1793359
6426181
1532484
4150736
5921691
4938471
1986676
1082305
2786204
6062658
3902840
1319911
2700132
4142023
273173
3606465
6005627
5507101
462093
2512736
1272130
1285992
1753221
89699
4853866
4431786
725899
7116147
139275
3476524
220336
1402881
4374272
7148251
1024705
263029
161784
379035
1598971
5268928
5443463
396308
4643749
2979821
215867
1895313
4469633
729410
2268959
4014291
6786853
2887443
3366077
546575
3630563
4669803
444719
3666983
295664
4530226
7397722
7638135
588994
6652665
3626292
929081
1026747
2458978
184412
470388
153147
6216410
6571165
6361345
502316
1152913
2213782
3463820
6481354
204521
4699851
4253662
3451973
6326118
2520626
72423
3628004
6857812
572679
4019051
5244074
1452262
488664
1691095
255244
2533373
2575448
6129908
836955
4472565
3352776
4345946
6594695
1546729
1776013
6673668
830686
783240
4924482
3535783
734667
571792
6299582
2482278
1821036
3285222
6260133
5574054
484839
4197116
33413
4126895
7032059
2546882
4748693
7312253
613730
982507
1427092
6884940
2561582
681962
7809083
1787142
1662429
2831709
1299343
804677
428308
4465959
5831556
1454648
1768804
13072
1124223
1588170
6358317
1267005
4013033
1078097
2793561
40178
12847
7086148
6385946
939852
6381663
173245
5508285
1497291
6613518
5031786
4923097
342147
805507
4215981
312537
561458
3478496
4996175
5070056
1082154
3476273
2770927
6983755
253381
1420663
4949345
6947377
868258
799815
4676449
153329
396765
5569296
8001740
4054245
2759951
6022609
873429
2904991
2012066
479387
7041666
7255451
3699934
1124562
2939411
3385579
1750744
4626035
1986188
646603
5321521
350897
2098284
4020838
1260513
5364127
156856
7567914
7117522
6959985
5033620
4747645
7780510
891814
1190650
218460
2814469
7427941
4318867
2416653
389754
3826755
2159226
4474279
4814760
6718414
7096290
2323300
2695624
4405844
7526507
7506718
770306
7974006
8007212
2867441
3031348
33247
4886861
1997278
3922097
6454127
419667
8181033
6774501
2090822
1310012
2116441
1152610
198646
726004
5395430
1551161
307290
5019163
6582108
4625850
1779081
2996367
6111212
5292877
2077825
2555896
5281759
7676725
7726745
2090612
6323535
1304159
5356863
559996
547977
1031303
2163362
207367
6343751
52106
7530672
1813170
4700612
2639132
7471193
4704889
7100072
1915298
1540188
566169
2684702
165447
904286
178910
1751088
550778
1805515
2767233
7538219
2935174
7104891
401890
448188
4373543
3589644
3553675
7906909
3369659
1755461
1527713
1416402
7596704
808520
6695592
2615909
1109040
2137618
8412121
1343891
15926
592157
1728456
5140455
825530
8060569
1563851
174097
413253
5718764
7819213
1912810
3342757
831216
58129
4276219
5792956
2551878
1949306
4247747
4684845
5048347
2967199
8064079
8084016
272465
36615
4821543
2420682
3236255
1590449
3833429
3962588
4951930
2396360
194476
5021626
7704067
4157539
2002465
3780930
54069
1690697
4658609
5601401
3975874
3992848
7269595
295849
6806599
858057
272382
8052423
806492
2440457
4436306
1344415
742152
1205556
2763563
6811327
4886741
68197
7053197
5423339
731196
1239390
263222
6243460
1360658
3309258
7208145
764317
8467978
4841345
7031385
4904886
0
4545956
2657212
38941
2386343
943890
6065660
2696745
1806792
4147202
454792
7822573
3704815
5278992
249420
4562001
1880217
1657084
5549783
4547620
612128
7132428
2015796
2013764
5291989
5359366
1497658
8769165
2151261
1880382
517272
5255804
8580975
7929845
1521745
449499
2999601
2687826
1573374
8849976
6113451
1966482
5772225
2896587
1420877
1085989
2635311
8153175
2439639
1503421
6594318
3230046
7718545
5966327
1275195
3584259
775057
3137388
3300672
836378
7084231
2288367
617320
6111068
2049116
2122233
4678482
392290
2128461
8163481
950501
4340929
5399226
959895
3755344
1284668
4330805
7950668
184832
3855196
4664578
2242708
296246
4217350
2042207
2620403
8857507
1632045
5007823
2696135
581440
7218510
364150
102742
5823102
381396
198355
8592866
5496051
5439118
1238356
127919
429361
7676399
3933587
2077885
198058
3144553
4623977
1120288
8617544
4664760
641251
5513448
979571
262024
6614360
2603209
236883
256166
4190309
8787161
467265
4901227
8491527
1123092
1571796
7270439
2417718
1523007
460726
8426749
2611911
8016030
5452300
3257614
2108940
1641708
6788969
998317
2563834
4667582
3510067
3320117
3255587
4719600
3622595
1992585
1580188
1051558
7871366
1974445
6528134
1164118
5583330
2124334
7402444
633401
8753048
376270
1256178
7357093
565027
7350076
9290420
2964774
1774511
270615
851954
906296
1418777
3379943
736447
4082266
2608813
8957205
2317170
2215796
3505805
7978408
87305
8563163
2503045
6299174
418577
1662144
5375059
8920817
346585
1956964
530158
5280170
5529400
2665922
647146
7650459
5436275
5832827
833403
2094250
731370
993599
3088408
4221784
93917
824376
7016243
6296261
4130857
621466
2595229
4637903
744246
1305071
8055450
2396369
9333536
3110839
4237929
1541535
6348112
7450054
3999610
4914080
1785794
1137097
6094109
724592
8730038
4630475
5316765
4784552
2886668
1894625
2321967
1425371
268543
403915
3668995
9336207
7866245
4692868
4939824
966573
2806561
3634773
2159380
3545814
7556293
228545
1412796
7799510
2434045
2650758
1651183
965692
3658190
4238181
2149765
3028498
8161688
1470677
5278965
2374944
6554026
1461127
1075591
4261124
4793196
838820
7568176
1636297
7600165
146249
1236512
2548734
775869
1074331
5969186
2306550
2163428
7024709
5402563
4161877
6009315
510840
178771
2224853
746707
7886955
3203091
4086527
4001433
1658139
5449849
8915067
4521545
7793130
223250
905877
8900178
1623361
362198
5758459
8876729
2436832
5347591
8540377
7130332
2440093
7927743
3017988
113939
1590954
3168020
7144783
2175637
5829192
3220411
1516789
9455780
2046071
561671
4060135
704097
2217563
2370355
1793278
5286065
3381009
801098
4956616
3454763
2413473
2750806
8934937
5255527
5418916
7765523
4383791
3816708
5501411
1973847
1640382
9801606
9822831
7713127
9191110
1378932
6020582
6687949
8824737
286155
7049848
4415372
3473991
4173577
5635299
730563
1933520
339323
9496567
6282023
1145349
7303957
4184039
1771119
2032762
3358264
6273500
3717528
5166454
4065152
420165
4289946
1645832
1558662
7173849
690041
8136477
2517428
4977570
8149484
8183420
3201539
5520978
5167695
9450238
2335031
830958
4660342
7732835
795723
1282217
2652137
5703845
6196853
8811131
7505840
1358498
353343
880657
1131898
1538724
3228344
181908
7786599
4069188
195208
7158158
3010472
1048891
8184945
7972626
1351937
4604681
272125
9833341
903419
9970478
1107975
10180370
5679352
1174963
9954517
5821537
9794034
912255
1345146
344904
2307961
7320922
383604
5198628
292279
7181867
7725626
4979915
315895
2704902
2589557
7508207
4172528
3233909
41704
9341713
1077386
2330303
1928896
1785981
8690830
539422
3633573
8426938
2940839
7655338
2263745
4664347
202561
791097
7864797
5659426
3452128
2381071
329944
207024
838154
484366
2965281
6962188
10038282
1915374
2038891
2606474
4728546
321463
8170957
4977189
5044453
4259155
743679
147569
6637234
9563755
6670313
51978
3896598
8555545
9615359
7200321
4063217
4667502
2476585
3272064
8078509
4671156
105415
789261
3838793
5473348
7391979
9024293
2528836
8816371
9800734
1882830
4788419
2128647
107533
8750626
559106
3361723
902771
10021540
1096274
867228
631116
10073010
7037186
1643420
9653689
4422886
609607
6098173
7044301
3596114
5347965
1223983
1780224
6489490
64807
1177039
101586
423225
3470096
2202869
442379
9225933
3547334
9655959
7645845
2064714
1953661
1164752
1748652
5562519
5829415
79479
2355928
660799
4665489
7095401
10376495
4499777
7419670
226102
2598428
562653
9988231
5190174
961400
463259
592332
2104700
1289908
7515003
8658668
9476332
79833
1291636
9775280
738429
6659069
8214419
1111594
763170
344158
1242306
2036232
2254599
7454809
3176373
4562138
3834664
549799
3972086
1161568
9538469
1058981
283946
7939906
9834033
10242107
179337
2901185
3525277
6031432
1727858
1910069
4534606
2373672
7790769
409336
1811890
4959225
6371185
1913268
4540909
9316486
7660285
2939940
793401
