1 10 99 980 9701 96030 950599 9409960 93149001 922080050 9127651499 90354434940 894416697901 8853812544070 87643708742799 867583274883920 8588189040096401 85014307126080090 841554882220704499 
1 9 89 881 8721 86329 854569 8459361 83739041 828931049 8205571449 81226783441 804062262961 7959395846169 78789896198729 779939566141121 7720605765212481 76426118085983689 756540575094624409 
1 10 99 980 9701 96030 950599 9409960 93149001 922080050 9127651499 90354434940 894416697901 8853812544070 87643708742799 867583274883920 8588189040096401 85014307126080090 841554882220704499 
1 10 99 980 9701 96030 950599 9409960 93149001 922080050 9127651499 90354434940 894416697901 8853812544070 87643708742799 867583274883920 8588189040096401 85014307126080090 841554882220704499 
1 10 99 980 9701 96030 950599 9409960 93149001 922080050 9127651499 90354434940 894416697901 8853812544070 87643708742799 867583274883920 8588189040096401 85014307126080090 841554882220704499 
1 10 99 980 9701 96030 950599 9409960 93149001 922080050 9127651499 90354434940 894416697901 8853812544070 87643708742799 867583274883920 8588189040096401 85014307126080090 841554882220704499 
1 10 99 980 9701 96030 950599 9409960 93149001 922080050 9127651499 90354434940 894416697901 8853812544070 87643708742799 867583274883920 8588189040096401 85014307126080090 841554882220704499 
1 10 99 980 9701 96030 950599 9409960 93149001 922080050 9127651499 90354434940 894416697901 8853812544070 87643708742799 867583274883920 8588189040096401 85014307126080090 841554882220704499 
1 10 99 980 9701 96030 950599 9409960 93149001 922080050 9127651499 90354434940 894416697901 8853812544070 87643708742799 867583274883920 8588189040096401 85014307126080090 841554882220704499 
1 10 99 980 9701 96030 950599 9409960 93149001 922080050 9127651499 90354434940 894416697901 8853812544070 87643708742799 867583274883920 8588189040096401 85014307126080090 841554882220704499 
