100
1 1 1 1 1 1 1 1 1 1 1 1 1 1 1 1 1 1 1 1 1 1 1 1 1 1 1 1 1 1 1 1 1 1 1 1 1 1 1 1 1 1 1 1 1 1 1 1 1 1 1 1 1 1 1 1 1 1 1 1 1 1 1 1 1 1 1 1 1 1 1 1 1 1 1 1 1 1 1 1 1 1 1 1 1 1 1 1 1 1 1 1 1 1 1 1 1 1 1
1 2 1 2 1 2 1 2 1 2 1 2 1 2 1 2 1 2 1 2 1 2 1 2 1 2 1 2 1 2 1 2 1 2 1 2 1 2 1 2 1 2 1 2 1 2 1 2 1 2 1 2 1 2 1 2 1 2 1 2 1 2 1 2 1 2 1 2 1 2 1 2 1 2 1 2 1 2 1 2 1 2 1 2 1 2 1 2 1 2 1 2 1 2 1 2 1 2
1 1 3 1 1 3 1 1 3 1 1 3 1 1 3 1 1 3 1 1 3 1 1 3 1 1 3 1 1 3 1 1 3 1 1 3 1 1 3 1 1 3 1 1 3 1 1 3 1 1 3 1 1 3 1 1 3 1 1 3 1 1 3 1 1 3 1 1 3 1 1 3 1 1 3 1 1 3 1 1 3 1 1 3 1 1 3 1 1 3 1 1 3 1 1 3 1
1 2 1 4 1 2 1 8 1 2 1 4 1 2 1 16 1 2 1 4 1 2 1 8 1 2 1 4 1 2 1 16 1 2 1 4 1 2 1 8 1 2 1 4 1 2 1 16 1 2 1 4 1 2 1 8 1 2 1 4 1 2 1 16 1 2 1 4 1 2 1 8 1 2 1 4 1 2 1 16 1 2 1 4 1 2 1 8 1 2 1 4 1 2 1 16
1 1 1 1 5 1 7 1 1 5 1 1 1 7 5 1 1 1 1 5 7 1 1 1 5 1 1 7 1 5 1 1 1 1 35 1 1 1 1 5 1 7 1 1 5 1 1 1 7 5 1 1 1 1 5 7 1 1 1 5 1 1 7 1 5 1 1 1 1 35 1 1 1 1 5 1 7 1 1 5 1 1 1 7 5 1 1 1 1 5 7 1 1 1 5
1 2 3 2 1 6 1 2 3 2 1 6 13 2 3 2 1 6 1 2 3 2 1 6 1 26 3 2 1 6 1 2 3 2 1 6 1 2 39 2 1 6 1 2 3 2 1 6 1 2 3 26 1 6 1 2 3 2 1 6 1 2 3 2 13 6 1 2 3 2 1 6 1 2 3 2 1 78 1 2 3 2 1 6 1 2 3 2 1 6 13 2 3 2
1 1 1 1 1 1 1 1 1 1 1 1 1 1 1 1 1 1 1 1 1 1 1 1 1 1 1 1 1 1 1 1 1 1 1 1 1 1 1 1 1 1 1 1 1 1 1 1 1 1 1 1 1 1 1 1 1 1 1 1 1 1 1 1 1 1 1 1 1 1 1 1 1 1 1 1 1 1 1 1 1 1 1 1 1 1 1 1 1 1 1 1 1
1 2 1 4 1 2 1 4 1 2 1 4 1 2 1 4 1 2 1 4 1 2 1 4 1 2 1 4 1 2 1 4 1 2 1 4 1 2 1 4 1 2 1 4 1 2 1 4 1 2 1 4 1 2 1 4 1 2 1 4 1 2 1 4 1 2 1 4 1 2 1 4 1 2 1 4 1 2 1 4 1 2 1 4 1 2 1 4 1 2 1 4
1 1 3 1 1 3 1 1 9 1 1 3 1 1 3 1 1 9 1 1 3 1 1 3 1 1 27 1 1 3 1 1 3 1 1 9 1 1 3 1 1 3 1 1 9 1 1 3 1 1 3 1 1 27 1 1 3 1 1 3 1 1 9 1 1 3 1 1 3 1 1 9 1 1 3 1 1 3 1 1 27 1 1 3 1 1 3 1 1 9 1
1 2 1 2 5 2 1 2 1 10 1 2 1 2 5 2 1 2 1 10 1 2 1 2 5 2 1 2 1 10 1 2 1 2 5 2 1 2 1 10 1 2 1 2 5 2 1 2 1 10 1 2 1 2 5 2 1 2 1 10 1 2 1 2 5 2 1 2 1 10 1 2 1 2 5 2 1 2 1 10 1 2 1 2 5 2 1 2 1 10
1 1 1 1 1 1 1 1 1 1 11 1 1 1 1 1 17 1 1 1 1 11 1 1 1 1 1 1 1 1 1 1 11 17 1 1 1 1 1 1 1 1 1 11 1 1 1 1 1 1 17 1 53 1 11 1 1 1 1 1 1 1 1 1 1 11 1 17 1 1 1 1 1 1 1 1 11 1 1 1 1 1 1 1 17 1 1 11 1
1 2 3 4 1 6 7 8 3 2 1 12 1 14 3 8 1 6 1 4 21 2 1 24 1 2 3 28 1 6 1 8 3 2 7 12 1 2 3 8 1 42 1 4 3 2 1 24 7 2 3 4 1 6 1 56 3 2 59 12 1 2 21 8 1 6 1 4 3 14 1 24 1 2 3 4 7 6 1 8 3 2 1 84 1 2 3 8
1 1 1 1 1 1 1 1 1 1 1 1 1 1 1 1 1 1 1 1 1 1 23 1 1 1 1 1 1 1 1 1 1 1 1 1 1 1 1 1 1 1 1 1 1 23 1 1 1 1 1 1 1 1 1 1 1 1 1 1 1 1 1 1 1 1 1 1 23 1 1 1 1 1 1 1 1 1 1 1 1 1 1 1 1 1 1
1 2 1 2 1 2 1 2 1 2 1 2 1 2 1 2 1 2 1 2 1 2 1 2 1 2 1 2 1 2 1 2 1 2 1 2 1 2 1 2 1 2 1 2 1 2 1 2 1 2 1 2 1 2 1 2 1 2 1 2 1 2 1 2 1 2 1 2 1 2 1 2 1 2 1 2 1 2 1 2 1 2 1 2 1 2
1 1 3 1 5 3 1 1 3 5 1 3 1 1 15 1 1 3 1 5 3 1 1 3 5 1 3 1 1 15 1 1 3 1 5 3 1 1 3 5 1 3 1 1 15 1 1 3 1 5 3 1 1 3 5 1 3 1 1 15 1 1 3 1 5 3 1 1 3 5 1 3 1 1 15 1 1 3 1 5 3 1 1 3 5
1 2 1 4 1 2 1 4 1 2 1 4 1 2 1 4 1 2 1 4 1 2 1 4 1 2 1 4 1 2 1 4 1 2 1 4 37 2 1 4 1 2 1 4 1 2 1 4 1 2 1 4 1 2 1 4 1 2 1 4 1 2 1 4 1 2 67 4 1 2 1 4 1 74 1 4 1 2 1 4 1 2 1 4
1 1 1 1 1 1 1 1 1 1 1 1 1 1 1 1 1 1 1 1 1 1 1 1 1 1 1 1 1 1 1 1 1 1 1 1 1 1 1 1 1 1 1 1 1 1 47 1 1 1 1 1 1 1 1 1 1 1 1 1 1 1 1 1 1 1 1 1 1 1 1 1 1 1 1 1 1 1 1 1 1 1 1
1 2 3 2 1 6 1 2 9 2 1 6 1 2 3 2 1 18 19 2 3 2 1 6 1 2 9 2 29 6 1 2 3 2 1 18 1 38 3 2 1 6 1 2 9 2 1 6 1 2 3 2 1 18 1 2 57 58 1 6 1 2 9 2 1 6 1 2 3 2 1 18 1 2 3 38 1 6 1 2 9 2
1 1 1 1 1 1 7 1 1 1 1 1 13 7 1 1 1 1 1 1 7 1 1 1 1 13 1 7 1 1 1 1 1 1 7 1 1 1 13 1 1 7 1 1 1 1 1 1 7 1 1 13 1 1 1 7 1 1 1 1 1 1 7 1 13 1 1 1 1 7 1 1 1 1 1 1 7 13 1 1 1
1 2 1 4 5 2 1 8 1 10 1 4 1 2 5 16 1 2 1 20 1 2 1 8 5 2 1 4 1 10 31 32 1 2 5 4 1 2 1 40 1 2 1 4 5 2 1 16 1 10 1 4 1 2 5 8 1 2 1 20 1 62 1 64 5 2 1 4 1 10 1 8 1 2 5 4 1 2 1 80
1 1 3 1 1 3 1 1 3 1 1 3 1 1 3 1 1 3 1 1 3 1 1 3 1 1 3 1 1 3 1 1 3 1 1 3 1 1 3 1 1 3 1 1 3 1 1 3 1 1 3 1 1 3 1 1 3 1 1 3 1 1 3 1 1 3 1 1 3 1 1 3 1 1 3 1 1 3 1
1 2 1 2 1 2 1 2 1 2 11 2 1 2 1 2 1 2 1 2 1 22 1 2 1 2 1 2 1 2 1 2 11 2 1 2 1 2 1 2 41 2 1 22 1 2 1 2 1 2 1 2 1 2 11 2 1 2 1 2 1 2 1 2 1 22 1 2 1 2 1 2 1 2 1 2 11 2
1 1 1 1 1 1 1 1 1 1 1 1 1 1 1 1 1 1 1 1 1 1 1 1 1 1 1 1 1 1 1 1 1 1 1 1 1 1 1 1 1 1 1 1 1 1 1 1 1 1 1 1 1 1 1 1 1 1 1 1 1 1 1 1 1 1 1 1 1 1 1 1 1 1 1 1 1
1 2 3 4 1 6 1 4 3 2 1 12 1 2 3 4 1 6 1 4 3 2 1 12 1 2 3 4 1 6 1 4 3 2 1 12 1 2 3 4 1 6 1 4 3 2 1 12 1 2 3 4 1 6 1 4 3 2 1 12 1 2 3 4 1 6 1 4 3 2 1 12 1 2 3 4
1 1 1 1 5 1 1 1 1 5 1 1 1 1 5 1 1 1 1 5 1 1 1 1 25 1 1 1 1 5 1 1 1 1 5 1 1 1 1 5 1 1 1 1 5 1 1 1 1 25 1 1 1 1 5 1 1 1 1 5 1 1 1 1 5 1 1 1 1 5 1 1 1 1 25
1 2 1 2 1 2 7 2 1 2 1 2 1 14 1 2 1 2 1 2 7 2 1 2 1 2 1 14 1 2 1 2 1 2 7 2 1 2 1 2 1 14 1 2 1 2 1 2 7 2 1 2 1 2 1 14 1 2 1 2 1 2 7 2 1 2 1 2 1 14 1 2 1 2
1 1 3 1 1 3 1 1 9 1 1 3 1 1 3 1 1 9 1 1 3 1 1 3 1 1 9 1 1 3 1 1 3 1 1 9 1 1 3 1 1 3 1 1 9 1 1 3 1 1 3 1 1 9 1 1 3 1 1 3 1 1 9 1 1 3 1 1 3 1 1 9 1
1 2 1 4 1 2 1 8 1 2 1 4 1 2 1 8 17 2 1 4 1 2 1 8 1 2 1 4 1 2 1 8 1 34 1 4 1 2 1 8 1 2 1 4 1 2 1 8 1 2 17 4 1 2 1 8 1 2 1 4 1 2 1 8 1 2 1 68 1 2 1 8
1 1 1 1 1 1 1 1 1 1 1 1 1 1 1 1 1 1 1 1 1 1 1 1 1 1 1 1 1 1 1 1 1 1 1 1 1 1 1 1 1 1 1 1 1 1 1 1 1 1 1 1 1 1 1 1 1 1 1 1 1 1 1 1 1 1 1 1 1 1 1
1 2 3 2 5 6 1 2 3 10 1 6 1 2 15 2 1 6 1 10 3 2 1 6 5 2 3 2 1 30 1 2 3 2 5 6 1 2 3 10 1 6 1 2 15 2 1 6 1 10 3 2 1 6 5 2 3 2 1 30 1 2 3 2 5 6 1 2 3 10
1 1 1 1 1 1 1 1 1 1 1 1 1 1 1 1 1 1 1 1 1 1 1 1 1 1 1 1 1 1 1 1 1 1 1 1 1 1 1 1 1 1 1 1 1 1 1 1 1 1 1 1 1 1 1 1 1 1 1 1 1 1 1 1 1 1 1 1 1
1 2 1 4 1 2 1 4 1 2 1 4 13 2 1 4 1 2 1 4 1 2 1 4 1 26 1 4 1 2 1 4 1 2 1 4 1 2 13 4 1 2 1 4 1 2 1 4 1 2 1 52 1 2 1 4 1 2 1 4 1 2 1 4 13 2 1 4
1 1 3 1 1 3 7 1 3 1 11 3 1 7 3 1 1 3 1 1 21 11 1 3 1 1 3 7 1 3 1 1 33 1 7 3 1 1 3 1 1 21 43 11 3 1 1 3 7 1 3 1 1 3 11 7 3 1 1 3 1 1 21 1 1 33 1
1 2 1 2 1 2 1 2 1 2 1 2 1 2 1 2 1 2 1 2 1 2 1 2 1 2 1 2 1 2 1 2 1 2 1 2 1 2 1 2 1 2 1 2 1 2 1 2 1 2 1 2 1 2 1 2 1 2 1 2 1 2 1 2 1 2
1 1 1 1 5 1 1 1 1 5 1 1 1 1 5 1 1 1 1 5 1 1 1 1 5 1 1 1 1 5 1 1 1 1 5 1 1 1 1 5 1 1 1 1 5 1 1 1 1 5 1 1 1 1 5 1 1 1 1 5 1 1 1 1 5
1 2 3 4 1 6 1 8 9 2 1 12 1 2 3 16 1 18 1 4 3 2 23 24 1 2 27 4 1 6 1 16 3 2 1 36 1 2 3 8 1 6 1 4 9 46 1 48 1 2 3 4 1 54 1 8 3 2 1 12 1 2 9 16
1 1 1 1 1 1 1 1 1 1 1 1 1 1 1 1 1 1 19 1 1 1 1 1 1 1 1 1 1 1 1 1 1 1 1 1 1 19 1 1 1 1 1 1 1 1 1 1 1 1 1 1 1 1 1 1 19 1 1 1 1 1 1
1 2 1 2 1 2 1 2 1 2 1 2 1 2 1 2 1 2 1 2 1 2 1 2 1 2 1 2 1 2 1 2 1 2 1 2 1 2 1 2 1 2 1 2 1 2 1 2 1 2 1 2 1 2 1 2 1 2 1 2 1 2
1 1 3 1 1 3 1 1 3 1 1 3 1 1 3 1 1 3 1 1 3 1 1 3 1 1 3 1 1 3 1 1 3 1 1 3 1 1 3 1 1 3 1 1 3 1 1 3 1 1 3 1 1 3 1 1 3 1 1 3 1
1 2 1 4 5 2 7 4 1 10 1 4 1 14 5 4 1 2 1 20 7 2 1 4 5 2 1 28 1 10 1 4 1 2 35 4 1 2 1 20 1 14 1 4 5 2 1 4 7 10 1 4 1 2 5 28 1 2 1 20
1 1 1 1 1 1 1 1 1 1 1 1 1 1 1 1 1 1 1 1 1 1 1 1 1 1 1 1 1 1 1 1 1 1 1 1 1 1 1 1 1 1 1 1 1 1 1 1 1 1 1 1 1 1 1 1 1 1 1
1 2 3 2 1 6 1 2 3 2 1 6 1 2 3 2 1 6 1 2 3 2 1 6 1 2 3 2 1 6 1 2 3 2 1 6 1 2 3 2 1 6 1 2 3 2 1 6 1 2 3 2 1 6 1 2 3 2
1 1 1 1 1 1 1 1 1 1 1 1 1 1 1 1 1 1 1 1 1 1 1 1 1 1 1 1 1 1 1 1 1 1 1 1 1 1 1 1 1 1 1 1 1 1 1 1 1 1 1 1 1 1 1 1 1
1 2 1 4 1 2 1 8 1 2 11 4 1 2 1 8 1 2 1 4 1 22 1 8 1 2 1 4 1 2 1 8 11 2 1 4 1 2 1 8 1 2 1 44 1 2 1 8 1 2 1 4 1 2 11 8
1 1 3 1 5 3 1 1 9 5 1 3 13 1 15 1 17 9 1 5 3 1 1 3 5 13 9 1 1 15 1 1 3 17 5 9 1 1 39 5 1 3 1 1 45 1 1 3 1 5 51 13 1 9 5
1 2 1 2 1 2 1 2 1 2 1 2 1 2 1 2 1 2 1 2 1 2 1 2 1 2 1 2 1 2 1 2 1 2 1 2 1 2 1 2 1 2 1 2 1 2 1 2 1 2 1 2 1 2
1 1 1 1 1 1 7 1 1 1 1 1 1 7 1 1 1 1 1 1 7 1 1 1 1 1 1 7 29 1 1 1 1 1 7 1 1 1 1 1 1 7 1 1 1 1 1 1 49 1 1 1 1
1 2 3 4 1 6 1 4 3 2 1 12 1 2 3 4 1 6 1 4 3 2 1 12 1 2 3 4 1 6 1 4 3 2 1 12 1 2 3 4 1 6 1 4 3 2 1 12 1 2 3 4
1 1 1 1 1 1 1 1 1 1 1 1 1 1 1 1 1 1 1 1 1 1 1 1 1 1 1 1 1 1 1 1 1 1 1 1 1 1 1 1 1 1 1 1 1 1 1 1 1 1 1
1 2 1 2 5 2 1 2 1 10 1 2 1 2 5 2 1 2 1 10 1 2 1 2 25 2 1 2 1 10 1 2 1 2 5 2 1 2 1 10 1 2 1 2 5 2 1 2 1 50
1 1 3 1 1 3 1 1 3 1 1 3 1 1 3 1 1 3 1 1 3 1 1 3 1 1 3 1 1 3 31 1 3 1 1 3 1 1 3 1 1 3 1 1 3 1 1 3 1
1 2 1 4 1 2 1 8 1 2 1 4 1 2 1 16 1 2 1 4 1 2 1 8 1 2 1 4 1 2 1 32 1 2 1 4 1 2 1 8 1 2 1 4 1 2 1 16
1 1 1 1 1 1 1 1 1 1 1 1 1 1 1 1 1 1 1 1 1 1 1 1 1 1 1 1 1 1 1 1 1 1 1 1 37 1 1 1 1 1 1 1 1 1 1
1 2 3 2 1 6 7 2 9 2 1 6 1 14 3 2 1 18 1 2 21 2 1 6 1 2 9 14 1 6 1 2 3 2 7 18 1 2 3 2 1 42 1 2 9 2
1 1 1 1 5 1 1 1 1 5 11 1 1 1 5 1 1 1 1 5 1 11 1 1 5 1 1 1 1 5 1 1 11 1 5 1 1 1 1 5 1 1 1 11 5
1 2 1 4 1 2 1 4 1 2 1 4 1 2 1 4 1 2 19 4 1 2 1 4 1 2 1 4 1 2 1 4 1 2 1 4 1 38 1 4 1 2 1 4
1 1 3 1 1 3 1 1 3 1 1 3 1 1 3 1 1 3 1 1 3 1 1 3 1 1 3 1 1 3 1 1 3 1 1 3 1 1 3 1 1 3 1
1 2 1 2 1 2 1 2 1 2 1 2 13 2 1 2 1 2 1 2 1 2 1 2 1 26 1 2 1 2 1 2 1 2 1 2 1 2 13 2 1 2
1 1 1 1 1 1 1 1 1 1 1 1 1 1 1 1 1 1 1 1 1 1 23 1 1 1 1 1 1 1 1 1 1 1 1 1 1 1 1 1 1
1 2 3 4 5 6 1 8 3 10 1 12 1 2 15 8 1 6 1 20 3 2 1 24 5 2 3 4 1 30 1 8 3 2 5 12 1 2 3 40
1 1 1 1 1 1 7 1 1 1 1 1 1 7 1 1 1 1 1 1 7 1 1 1 1 1 1 7 1 1 1 1 1 1 7 1 1 1 1
1 2 1 2 1 2 1 2 1 2 1 2 1 2 1 2 17 2 1 2 1 2 1 2 1 2 1 2 1 2 1 2 1 34 1 2 1 2
1 1 3 1 1 3 1 1 9 1 1 3 1 1 3 1 1 9 1 1 3 1 1 3 1 1 27 1 1 3 1 1 3 1 1 9 1
1 2 1 4 1 2 1 4 1 2 1 4 1 2 1 4 1 2 1 4 1 2 1 4 1 2 1 4 1 2 1 4 1 2 1 4
1 1 1 1 5 1 1 1 1 5 1 1 1 1 5 1 1 1 1 5 1 1 1 1 5 1 1 1 1 5 1 1 1 1 5
1 2 3 2 1 6 1 2 3 2 11 6 1 2 3 2 1 6 1 2 3 22 1 6 1 2 3 2 1 6 1 2 33 2
1 1 1 1 1 1 1 1 1 1 1 1 1 1 1 1 1 1 1 1 1 1 1 1 1 1 1 1 1 1 1 1 1
1 2 1 4 1 2 7 8 1 2 1 4 1 14 1 16 1 2 1 4 7 2 1 8 1 2 1 28 1 2 1 16
1 1 3 1 1 3 1 1 3 1 1 3 1 1 3 1 1 3 1 1 3 1 1 3 1 1 3 1 1 3 1
1 2 1 2 5 2 1 2 1 10 1 2 1 2 5 2 1 2 1 10 1 2 1 2 5 2 1 2 1 10
1 1 1 1 1 1 1 1 1 1 1 1 13 1 1 1 1 1 1 1 1 1 1 1 1 13 1 1 1
1 2 3 4 1 6 1 4 9 2 1 12 1 2 3 4 1 18 1 4 3 2 1 12 1 2 9 4
1 1 1 1 1 1 1 1 1 1 1 1 1 1 1 1 1 1 1 1 1 1 1 1 1 1 1
1 2 1 2 1 2 1 2 1 2 1 2 1 2 1 2 1 2 1 2 1 2 1 2 1 2
1 1 3 1 5 3 7 1 3 5 1 3 1 7 15 1 1 3 19 5 21 1 1 3 25
1 2 1 4 1 2 1 8 1 2 1 4 1 2 1 8 1 2 1 4 1 2 1 8
1 1 1 1 1 1 1 1 1 1 11 1 1 1 1 1 1 1 1 1 1 11 1
1 2 3 2 1 6 1 2 3 2 1 6 1 2 3 2 1 6 1 2 3 2
1 1 1 1 1 1 1 1 1 1 1 1 1 1 1 1 17 1 1 1 1
1 2 1 4 5 2 1 4 1 10 1 4 1 2 5 4 1 2 1 20
1 1 3 1 1 3 1 1 9 1 1 3 1 1 3 1 1 9 1
1 2 1 2 1 2 7 2 1 2 1 2 1 14 1 2 1 2
1 1 1 1 1 1 1 1 1 1 1 1 1 1 1 1 1
1 2 3 4 1 6 1 8 3 2 1 12 13 2 3 16
1 1 1 1 5 1 1 1 1 5 1 1 1 1 5
1 2 1 2 1 2 1 2 1 2 1 2 1 2
1 1 3 1 1 3 1 1 3 1 1 3 1
1 2 1 4 1 2 1 4 1 2 11 4
1 1 1 1 1 1 7 1 1 1 1
1 2 3 2 5 6 1 2 9 10
1 1 1 1 1 1 1 1 1
1 2 1 4 1 2 1 8
1 1 3 1 1 3 1
1 2 1 2 1 2
1 1 1 1 5
1 2 3 4
1 1 1
1 2
1
