7226
13707 23176
14816 35605
18994 27045
10105 34357
22251 34702
18459 22934
19707 35779
31465 53639
1328 9149
25777 31732
32128 59295
15034 41705
6637 26738
10941 35965
27820 45024
1073 14420
18821 43363
1739 21138
10365 27913
31302 37976
7091 25503
29536 51634
23688 48244
27173 46363
13314 44169
1391 2157
17011 28498
16302 43870
27221 32994
18661 34674
25209 35246
18933 37240
13153 29630
27934 51330
9194 41321
20419 25178
22829 48521
16749 23931
11688 40252
29715 45194
921 11021
409 20304
5803 21434
27286 48426
4308 27748
29274 58635
26238 35404
31792 61168
15845 17414
19936 51923
26048 54325
23416 43307
7971 38335
76 6369
16036 20877
18748 33478
26813 54711
13365 14987
28017 52806
2299 23870
1842 22377
12069 13627
259 16683
9577 23467
2010 31917
32281 53109
11080 43741
1262 14781
20827 50351
29189 38870
8644 21718
20007 33468
11317 15094
27725 52239
19981 28774
7267 10376
6967 18016
31565 40943
20047 38329
1064 31385
1031 22561
18130 25689
17866 41682
26540 31997
10143 31434
19614 36422
32079 64134
7004 8030
27338 49468
27880 40397
21447 41867
23129 54267
28331 38329
18138 25881
32428 51049
2805 34474
31030 59605
25874 44910
6797 37250
21306 29661
11701 16510
14881 18469
2959 28177
32100 57243
5444 9977
27919 57781
11750 43300
11362 11396
30549 31205
30165 56489
22112 28073
24665 53967
557 6455
2529 28324
8923 9312
19233 46924
17253 30268
22677 43361
6858 13027
29894 57956
28779 33436
6089 25014
8116 39586
12296 38677
32510 32595
24645 30350
11700 30697
24283 51703
3509 11191
23111 30699
27642 57561
1768 30779
7289 21622
14851 44523
3401 9325
13834 24231
5382 17045
3102 32704
119 26996
14034 37021
9070 35443
21042 47800
28912 44442
5380 28435
24214 47813
28493 47412
5939 9312
29207 32665
16567 27545
25714 27057
22868 30240
10681 41815
28639 44373
23830 46532
15224 24331
17992 44556
22125 22454
2980 18710
8284 11819
17754 23825
2968 14546
22010 47214
22990 42082
11319 11862
3049 9240
20970 34981
2354 13162
27738 38754
16828 24907
4538 5553
20479 40149
6131 7251
24003 31628
16548 22939
20544 28941
26215 50916
32643 61518
3927 5002
32019 61009
2255 32099
11733 15968
28788 52919
15149 16319
20085 47544
8038 21736
9489 18807
20820 40005
6490 8290
21303 25187
6457 15413
10467 17838
8883 30586
31006 33703
4202 32886
24138 26525
3943 32175
10820 21219
8726 38870
8587 22154
21650 41289
29093 54939
1571 4870
26302 44744
27654 38696
9363 20653
12652 22742
26254 54144
22724 53698
2866 27983
16957 19749
28346 52660
31623 55338
22781 53776
15578 22514
661 2878
14138 32006
30016 36052
6137 19536
19334 32208
25981 30101
5021 25306
6468 12139
22921 39411
6948 20655
7303 32693
472 24453
13228 13832
15544 19909
26058 33880
2760 6908
14483 18763
25332 37854
15105 30212
12698 26434
20213 35533
3913 18585
13854 36184
21705 22501
26140 28790
12379 34607
26597 58698
8257 13702
18024 36361
30337 46959
20593 35369
18919 34019
12749 21537
30793 50370
10158 26777
7694 28110
21585 44846
9969 13605
30173 40089
23555 33332
1167 1657
4847 8242
31764 41086
25218 25880
21558 39718
107 1561
27835 56309
11327 20887
28810 50989
19392 34465
29712 37638
7262 33251
21218 40034
7678 30760
4260 13581
6907 30282
16681 25453
29034 57001
15323 35775
419 7213
7774 31439
26109 49842
25200 51756
22488 54537
2836 5604
26081 26731
11503 31673
24465 56690
22002 23516
6647 26259
6201 21282
29112 37908
15411 26304
11860 40323
24068 55680
10922 41138
31271 41589
26303 36395
11608 32061
26299 31528
11185 35762
820 4368
13075 33058
3759 21098
31943 53001
29796 60757
29285 52042
13378 21379
10741 18405
24627 53168
27989 37934
32417 53400
20699 24455
30265 41330
7482 30104
26351 51173
4266 19465
5186 16258
15171 22961
17601 19131
31402 44891
15054 37215
22768 51701
10914 17545
21175 38474
20881 32801
18583 40507
4751 8656
8128 22390
15348 19833
21984 35758
23164 55086
3143 21080
15762 19118
20041 37847
4302 18518
5859 36418
11964 28576
22946 54162
4319 36628
4801 14687
245 20933
8849 12821
28541 41546
30750 34735
4983 31536
20240 28654
14187 23798
1231 29198
22444 41349
18667 38404
30174 58666
11450 21805
17846 48392
22083 50322
5889 29459
23130 28820
8424 32653
525 25135
4722 30709
32575 50599
3146 11141
21651 43721
26563 42283
29836 54943
28441 51961
23538 40614
27386 54056
11127 17804
10564 18055
1178 20835
24849 51321
11724 21339
6129 23656
16849 39158
27766 57537
28266 48843
27126 30571
1585 7342
18828 37820
27076 33655
17504 26104
3109 17454
23336 23614
5729 30928
14063 28942
28272 34423
1813 32563
9565 20769
152 21318
4263 6365
25233 45726
4838 30858
9218 36815
22449 32269
11982 42139
1728 21511
19465 43377
12878 29966
9586 25182
1217 24679
62 14732
29069 51261
5400 7988
27990 45399
10597 26391
29013 31826
19916 23421
19964 20566
26102 48547
4317 24407
23954 27576
456 31680
11933 25687
31539 63412
7392 24440
8671 17860
19130 46322
16313 21286
2847 18537
17919 37743
5345 13005
15011 46532
31534 57677
5364 31647
3931 25047
19835 43259
4063 5378
9507 34320
18595 32152
26526 27281
2169 25980
11523 19029
4073 4142
24252 48034
23860 45764
927 28373
31123 59733
5979 36774
11200 25088
28950 34772
13239 30041
32084 39785
29630 58474
20251 22123
10915 29731
19541 50195
9029 40536
31093 59274
32085 36915
10333 28191
29534 44596
3711 4861
16899 21920
1603 11365
5257 37763
32681 55909
6805 35100
25648 53010
11062 13791
29174 43068
6437 24298
21024 21163
7244 19453
28284 28371
29830 37359
19045 44815
10662 41642
25320 42838
3258 23200
23077 34420
24209 50119
29175 45251
16250 17933
6615 13413
19535 32081
5117 36598
3250 27869
30153 48331
5783 18525
1890 2466
2819 35411
18077 39650
20498 36884
4384 11086
11327 29506
14791 28736
9952 22717
3398 8285
20976 27934
2576 5074
24849 50865
20344 30217
12753 25835
2070 32992
10541 34149
21357 47460
2644 34381
29386 42502
10925 36453
15727 30294
10010 12920
8177 37946
32383 53332
10975 38564
13694 22334
29860 36298
26501 46574
21167 41188
26891 42501
11729 30045
24342 36103
30182 55179
28673 43727
30903 40173
29052 52618
8223 14304
14292 17201
23405 29907
27253 49277
14346 22791
429 30046
27996 39613
20914 34552
24553 43767
18151 42779
24512 51375
14171 33074
9749 38278
28050 46279
22059 41991
20617 38262
1399 30554
19700 26718
3842 27772
25546 55078
13839 34038
515 20588
23550 35610
1441 3520
19824 34740
5101 30491
27308 33096
9475 39895
12097 31941
26768 31016
23789 47043
26587 50710
19902 37940
2306 31982
12663 44449
22406 23105
14901 36833
13834 35162
31826 34640
23896 46645
1418 33416
19621 48374
28508 32150
3862 12005
28851 61112
31363 58593
12998 44177
19322 22364
27965 50654
17031 29650
3477 17077
9906 10174
28101 51001
20810 22808
24098 36818
9953 33863
1664 16100
8600 14237
25242 29708
20637 42060
23988 42193
28913 31968
20862 44769
879 22839
27708 39881
1034 22520
16932 36392
9814 13709
3591 20589
15178 37014
25908 32013
9284 37864
25242 47162
30541 48640
3372 29464
14494 32252
32138 45182
19812 24087
1757 17188
3009 29592
26370 32099
3091 19538
16876 19049
8056 37275
27715 43246
3986 6338
18769 32627
2951 6405
16415 16886
26188 48909
3035 24874
2596 21991
27517 31534
17763 48501
29867 50634
21624 26221
3545 10783
19754 35791
21428 35304
20258 25052
28097 42539
7594 29326
5697 8052
1716 24463
22873 34701
15134 16823
20335 31922
31796 56826
22231 50772
17015 26603
4271 27457
16797 35241
9479 14699
28120 59744
4678 14103
26203 58430
3016 30100
26907 46825
11212 15743
13266 19319
31886 35946
30282 58603
7344 23586
14808 24615
734 11101
25126 49767
9394 16379
11062 19769
1237 6839
18596 20468
27752 37987
2604 28338
21410 40091
10603 38595
15802 37381
9450 22701
3079 11265
19544 24475
3174 28135
25111 48733
18140 39868
30203 51676
20092 43112
23886 47376
6539 38260
27671 49789
9443 15421
21403 28455
26261 30893
18981 23310
21458 44404
24579 39712
32268 39360
9681 32951
2904 30835
2042 29325
3607 24798
891 4919
32725 57591
6122 27931
25457 51473
6839 23527
21118 41237
20403 27534
31210 48956
27342 58550
18909 30782
24357 48832
23780 24854
7996 12077
23119 39477
12935 36518
22488 39989
17456 19306
32389 65048
3860 8524
30415 44287
19215 20262
24579 36189
32633 33237
22249 32183
24304 44207
20388 45779
4184 34685
18137 25974
2337 27119
3603 18845
23752 48280
14182 18223
9633 14181
25683 27707
27347 42386
31724 37036
10148 26408
3128 9090
22519 26606
23257 39310
11794 17383
26860 30113
21925 53576
28209 57934
26632 51180
3948 21788
30149 48724
21515 45887
18774 46102
7944 28625
18224 25054
12049 39818
3840 34525
27111 56823
16948 27593
30468 53298
5053 21327
28032 45338
1299 4112
6453 27406
29818 30741
6946 25378
24709 28106
26893 35283
1240 13936
28780 42313
13361 22046
24710 52489
5034 10549
24534 36650
6968 29524
12464 14098
32632 39894
2343 11694
26795 53190
8749 27431
6910 16729
16892 29213
29712 48360
17845 19547
25006 52064
28231 33044
13793 39493
29843 31896
31786 57633
10446 24971
13324 31874
8486 15262
5323 30316
15272 35788
15988 46169
30561 42504
31773 33449
26819 55423
31598 46496
19787 21576
7520 38872
609 20385
17477 24129
25472 55719
17161 22929
21398 22409
20919 40256
30126 41799
11070 21505
22732 50148
14454 31162
6936 14113
27742 45812
18495 50359
13736 31201
30487 54025
10615 22727
27266 46433
19303 27138
14740 27559
5838 21875
17144 19351
11585 33664
28559 35708
20058 48518
2139 9831
31929 62423
9116 37348
29769 57643
27960 48438
21956 50075
20064 21006
11130 25374
14449 44739
11086 40312
5912 37382
23041 44985
11706 28707
29619 30001
25619 27054
15782 21483
17949 23492
9542 36515
15155 33214
20582 46140
14454 41067
717 25792
29296 45769
31985 41932
20983 36919
14338 28820
12372 33847
9002 23378
7845 20381
17940 20548
15488 35660
27819 53279
25049 25707
16420 19979
8230 10784
28990 60185
24256 42182
22472 51004
5773 11943
11108 40897
28892 34350
14732 29509
19856 20903
15570 25391
29825 52342
14700 35496
30239 38342
751 785
32601 39117
20315 52737
9405 34428
31576 56498
26848 55481
25535 27907
512 22297
30812 62446
8936 38167
27635 52604
19220 25033
9600 27199
25110 41245
22211 45645
8760 34445
23548 54708
5731 10585
18676 49780
12095 27198
18236 30709
13212 41649
10681 28675
4113 5520
22881 54595
18914 39265
32575 48936
6439 29706
4029 11123
28203 57346
6946 27940
26131 45840
1882 18678
29376 40576
5878 30549
14838 32987
24947 50133
28605 49439
8383 33325
12295 43899
30713 37038
7060 18304
6008 8248
15379 40924
25104 31162
29578 29590
30608 31004
31479 51391
18575 30151
13368 22705
5993 20627
21288 52670
2692 24383
8715 19061
13272 28016
25900 45643
12718 35617
8644 11232
19623 24735
19486 21679
14081 16388
8441 40520
20758 44070
11822 19724
5925 36120
20114 36955
7253 18974
7454 11355
14071 33061
9037 11551
16908 37820
18118 39791
6151 16779
14907 43762
10964 34892
30097 55793
23832 33089
31041 31369
187 29745
24830 40292
7844 22488
2456 22002
27587 30694
20000 20512
3925 30838
8269 12178
7779 28417
30 12375
28812 51420
5825 33063
12805 14125
30900 53013
22238 22626
21290 31432
21383 22317
2224 28472
16018 46839
272 4577
16314 34268
12405 17532
28709 44067
6609 28730
4070 4400
20604 37492
13510 19974
15646 17135
22084 42292
10702 11143
23258 30806
22907 26997
2690 29450
11915 20473
2681 9062
9411 33948
17987 47088
8807 27874
27119 39707
25762 25992
20892 42041
2855 15157
4668 5622
1817 23736
32664 41552
28969 48828
21397 44047
2814 26881
23221 32186
28633 42262
18912 44564
14457 18065
8549 27153
5692 33984
16700 23631
10632 24045
4750 27147
5993 31755
27254 32157
8827 37619
2570 5746
19211 45088
24469 54905
14969 29659
27943 50474
32224 44032
30800 32754
21497 51247
26408 36912
4669 8070
28306 40621
25930 32728
30146 48277
28808 32356
21245 31213
4364 33298
17824 33160
18365 32548
20836 29320
3765 23667
24288 44875
7658 31271
17744 23023
25357 53737
8596 13883
12466 43173
7804 10536
26802 51642
4674 36298
9677 17330
5464 6099
10388 40578
30308 31620
2951 33593
12170 37674
634 19770
16617 47631
10557 31993
5224 5371
9595 33837
20146 32804
8163 25484
12671 23213
22662 37378
29462 59288
23168 42341
12047 31809
4827 13494
21598 46167
20144 27598
13453 25423
25743 51359
6217 31588
3361 31207
32032 41478
12044 22379
24713 43482
8727 27563
15397 43566
11663 34592
5956 27631
17897 21740
20907 25639
19880 26907
2965 29678
23938 49236
20215 42472
22462 43283
24072 41273
19168 36451
19201 35329
26504 39956
15649 34638
3480 13428
1781 9882
13461 44933
29142 54464
13136 23480
25267 42099
10949 14371
15377 39483
6211 24634
8527 13795
21197 41220
32559 61825
30657 45019
32146 60891
2743 31383
16003 33903
19628 35156
3703 30434
3680 27040
27091 29689
508 6968
31663 43543
20472 30269
31194 40748
29500 33520
542 1587
8325 15077
23749 51754
15627 43966
18523 34437
10337 29541
12982 42286
23964 36284
820 23029
12215 27617
23108 45965
9526 19676
27176 31235
14090 20442
19705 37556
30389 47079
31723 41414
24494 55587
19410 41251
22535 42879
4837 9454
9293 24300
23490 34169
21168 48414
18867 42691
24931 50361
4656 5482
9286 33300
12197 12582
11715 18793
12661 40128
16117 26253
19774 43916
784 13873
5471 33887
6653 8332
30903 45574
13892 28062
28592 55619
21039 27366
31356 52285
16429 23192
21663 45952
6772 9297
430 1136
21994 48986
5974 32066
31814 52821
26783 56949
20850 25724
30322 39371
26676 27732
18778 44735
27150 42987
6279 27770
5731 17033
25112 53586
15578 27628
22682 49088
14088 29955
18891 49361
9545 26142
25252 35881
29422 34477
29847 36210
26014 52854
8214 40794
15350 47178
2132 13317
8051 28226
29775 41741
28050 51058
270 21747
7221 36647
18727 33816
15689 36248
9605 19258
26022 51748
27496 47461
31542 32517
19373 41842
11866 13966
14160 27385
8841 35291
27951 29388
2619 30995
5393 30959
14853 21781
3046 3599
30469 45753
17745 25211
1152 24450
26211 41114
13514 20444
32170 36072
358 32462
31850 41830
28271 46901
21802 27290
15670 15993
25458 46082
12845 22734
212 526
29188 40672
27433 52118
14865 40208
24605 54486
30709 46128
4590 21986
1149 13239
22896 42655
1478 9591
18773 43069
15525 17114
1707 9261
16709 35732
2726 22680
29458 30180
12704 27226
8150 12354
15198 29817
9762 27806
8341 27931
5872 11539
25004 38913
6790 35364
12996 15996
7326 27249
10486 25832
963 9196
19675 46496
30718 32411
13906 22908
31922 37061
5501 30147
25029 27822
19725 34727
20480 38866
448 21818
29881 50075
17191 44007
4271 16276
12717 42094
28213 40234
17877 42069
659 31967
7363 21733
16041 31999
28158 51104
21205 49631
3700 32826
27159 36754
9407 39953
8307 27933
29350 53025
14487 18742
22503 28293
21694 39030
29236 49254
14036 25876
32379 51575
19419 51230
24426 53227
1677 17454
27955 52212
19779 31141
29324 32174
32533 44126
31482 57509
21571 37615
22096 46274
7636 26455
30066 54474
10364 12602
1119 4690
18115 49567
25967 53051
18020 22557
29145 36004
21747 27034
9079 10086
6083 32900
3022 31248
31495 44675
15433 40022
31799 34742
965 30733
29622 40811
9554 27558
8625 32337
27704 45605
586 2618
16697 18579
11510 22346
9494 35068
17187 23219
13397 45801
12831 30447
6208 6479
19509 22896
2353 11793
32025 41445
17933 41712
7558 19171
9487 22539
10789 19498
8647 20429
25009 28245
3170 24686
3673 18453
15915 23271
32357 56552
30546 57194
28701 54611
18924 38747
29926 51349
13884 36040
4015 4073
23601 55134
4747 6960
26159 55014
32671 48949
4371 13114
28991 30048
30065 55741
19796 34030
30239 45139
18433 36265
30712 46556
31110 60449
18138 18469
2916 28516
19441 51050
16578 22580
31032 53061
24079 39362
3644 15656
13289 21476
6692 15453
20797 32460
24302 36719
8368 16454
31227 53040
30014 57958
30158 55084
18977 25546
10513 38813
14837 39242
1752 34023
28953 55604
17450 23700
8024 10247
30398 30659
11465 24228
4354 25380
13811 16905
24417 29811
4917 33932
27334 38255
28518 43153
25692 31819
12728 15550
32409 35249
16098 27064
22394 33841
21886 51548
22544 26942
2479 32625
11579 35748
9224 35814
15798 46978
26537 52869
16723 37820
939 13361
23944 30975
13247 34199
27435 30250
21521 53099
18810 47699
27763 56352
25182 39989
30391 46874
17393 30513
25692 45424
29501 38333
10094 24603
23623 24932
17063 35763
844 4153
9434 35236
23370 34769
21394 30442
26050 44473
10486 19524
32700 56690
10479 17390
13 15334
12685 35038
2773 8285
2727 10099
15947 19197
6338 14258
7357 8380
14132 14592
22482 42200
32138 38742
24851 26580
29734 53753
25513 41958
31789 48054
2920 16126
28320 52375
15629 27184
14024 32025
9156 38578
27608 41706
14318 30805
11726 18204
8992 19833
18842 28126
9583 42123
26754 51126
24555 55032
20165 50229
10345 29092
28030 32306
19078 49897
19404 31110
23016 50695
2864 10810
31175 42017
2870 15686
15788 33459
28760 39624
1913 22411
4639 6589
1706 31297
5259 23860
15578 43821
12469 21260
11145 18401
28851 52266
3868 25888
25276 42543
19237 34392
1932 32433
27621 43673
10 26613
24848 26378
15913 38695
21967 50915
15628 33803
18955 43243
1133 29248
20713 21092
31551 56304
6289 28556
19858 46603
7988 14741
27064 34304
14669 31254
22694 49391
19751 41995
30108 60522
26527 47687
18697 30888
3627 15217
2729 19514
29211 52088
3824 31051
26911 53900
9131 37969
20234 51608
8165 9288
13525 27703
11015 42088
231 2095
32580 36707
25747 41573
11060 27667
19171 43357
5823 21434
9364 27940
20285 27065
13665 38104
24283 48324
18053 18838
13121 35230
25211 52979
22386 55118
32264 49399
1267 25818
12923 44947
20527 24701
27956 53147
29722 57440
14435 31033
277 5328
274 11244
29458 44026
32358 53244
29432 57116
7713 28016
18249 41288
6764 37005
14338 26511
7380 37828
27074 33476
4754 34611
29743 33454
5647 28056
14229 39617
4519 34508
13777 32856
32685 57273
29294 47722
27568 57299
7693 23234
6397 35853
4362 6333
29285 46934
22876 50554
10049 22670
24509 37270
6579 15869
26636 40038
558 22095
28911 50344
27704 50952
14012 45762
28782 34941
23962 38010
20425 48973
1763 33318
21537 35675
21965 34159
6639 33855
10058 14720
10071 39749
300 31937
29798 39651
31885 44051
18584 31664
12142 24450
4509 18138
22942 41087
5980 15909
22750 37275
12601 33116
10306 32697
24723 26954
28378 54477
29841 53303
24978 25615
6943 32730
31831 34740
819 31957
22139 34855
29781 59305
5723 17601
32606 43828
18495 38399
11392 12451
7297 24892
19078 20717
20722 21995
17245 48074
18809 19528
6612 35887
7165 15770
29856 49725
4997 19935
23203 23234
28318 57105
1134 15405
23806 42452
26372 45318
102 14255
23520 42981
29901 35534
2618 28913
9146 24362
30087 45261
26354 35152
21823 49430
15955 38542
6626 13916
7424 17076
17213 17306
4542 14146
27626 45866
20126 35883
11798 44350
21469 33284
17798 33758
16904 28096
4828 15449
5987 19944
25623 36416
23692 33107
9818 36828
1116 5982
25838 51242
782 12704
14729 24141
24739 28457
4561 7823
19076 22838
28188 36046
26730 51562
32122 48252
30843 49538
15093 42517
30390 44181
28695 45588
21392 33219
16557 45426
32223 49270
9163 31636
17400 48660
28176 59853
20500 48438
20779 26702
17401 18023
29854 54437
14294 14931
3010 25007
8302 38277
3340 14612
24696 56735
28302 37434
2374 12303
3009 30407
3750 27211
6273 27788
29190 58242
17753 48391
10459 12251
30977 37463
16963 25900
17189 41396
4072 22829
27752 39783
22056 53559
18345 38982
18292 39800
10373 15522
20214 35240
8989 18635
28279 50505
31001 52993
13183 30038
22509 50925
1982 11653
19546 46745
24746 40692
3896 10474
4714 33387
3956 10646
18931 46091
23893 32411
29297 30864
23299 55099
2536 25597
22089 43119
10523 23009
28570 61156
17069 40709
29266 36462
23942 29862
575 1797
20088 46386
16992 46904
13602 27258
22764 25641
16405 21871
29846 48900
31798 57173
14096 40949
13156 27775
10446 11939
7770 34948
6668 12324
28118 58362
5394 12922
28411 39853
17847 19850
20211 49491
31268 45453
16858 40397
8410 15122
4311 9427
26615 50289
21388 37433
25012 27840
22705 43165
21043 35925
507 2465
2680 3762
5955 8105
29877 59907
21732 37130
13770 27672
14693 46282
2060 5337
22104 32977
13125 13888
10369 27048
17917 37328
15163 43948
29688 43917
6936 30151
15872 35447
23496 28073
18149 40572
13628 34176
31169 33782
31754 39725
25984 56479
30996 55556
29088 30220
25701 53240
20534 30115
1883 17245
20786 49683
18955 40477
31459 57931
12257 35182
3006 35321
1927 7435
18779 35700
21000 41198
16576 26437
9526 22664
23522 45328
3401 20339
28777 33304
12744 40881
11188 12588
16813 43363
29 2089
27332 46077
30590 44780
24660 28929
3828 33737
13569 22583
32738 39305
3057 21862
6713 37598
25902 49032
5111 37722
2379 4485
29166 32234
22603 23661
28103 47306
32702 60200
32070 44803
23597 36794
24272 51037
2488 4592
20266 35033
26622 47006
19587 42156
5437 24150
2741 7604
9402 40607
31944 50543
5220 28845
6071 18035
17844 19098
12919 29806
32215 45086
10038 39312
12559 43974
6625 31119
7511 10668
2024 16920
30790 43952
1349 8397
13365 20270
19131 46773
8356 39996
31067 41275
27098 38489
14157 20645
15308 34475
2509 25607
3136 30645
4212 17089
20530 23184
1465 11123
8311 19876
10423 28791
4512 31963
29745 39387
17185 37727
18131 42193
27059 46800
24762 39090
22774 33785
23095 43373
20571 34062
30672 40837
3905 6492
32648 48516
29790 50825
29537 56056
11361 27464
21790 27877
13269 19344
22349 46021
12361 28248
8069 18168
25774 50378
32237 46530
17664 37630
15869 30141
27945 37427
29833 55001
32546 50307
28411 46284
11355 29216
10208 40463
28253 51209
25766 43091
12974 36929
24739 43645
32244 64393
10586 37916
19038 29850
4090 6747
9536 29911
21544 29317
20477 21130
27646 53746
26666 32922
3412 27526
23280 47046
23614 41638
10162 33110
25301 43952
13808 39771
13883 20980
17004 44644
27865 39722
10123 19633
18923 32877
1277 13044
16959 29875
2720 17027
15929 28864
27298 44306
15643 48292
14055 18922
15747 44719
11690 36000
3894 6125
14694 38224
29211 38422
10231 21078
9867 33556
23804 43902
21192 47594
897 11974
25034 26937
731 13968
16194 43828
15058 33115
5337 6934
19206 45820
27832 40986
27019 46934
23886 42488
3287 32400
8781 31447
27870 35536
18166 35528
8059 18290
17815 45247
21522 41404
16466 21767
29300 56095
14111 37181
8450 36067
24340 37322
30230 54637
32485 60631
22686 42728
29863 42692
21514 44938
18649 39973
25449 54084
29348 35129
30670 44795
12642 26334
15865 40263
8030 21772
26419 46239
25050 51916
31098 46877
6743 17331
27358 27563
32016 41683
3115 22727
12488 33598
1736 22702
23493 44528
29151 32542
541 27989
17086 18571
6448 30262
7294 35542
29814 40504
17122 40835
28539 38864
13441 16246
31015 60350
12328 34857
25667 26626
10618 41570
8505 15448
28889 33388
17691 31785
4746 14803
487 15884
12563 21138
29706 37048
24296 43993
26914 32123
15175 20536
1032 20537
22113 48480
25102 56541
8378 38229
9605 31314
27090 45353
2435 27393
12805 36149
25315 27327
21424 34510
12940 39502
18325 25471
11511 32851
2177 6593
23275 55238
23084 54065
14219 25592
30560 41034
28563 33279
27485 54687
9695 12212
6781 35470
24877 49194
15892 45433
1827 30114
22426 49539
2196 14605
24332 27075
8959 9975
12431 17917
23384 43528
32087 36059
5643 23292
17351 44965
28735 56853
4825 25463
15959 30231
7361 35838
21439 33985
23757 32678
30693 45251
21648 40288
11397 26934
9279 11212
10538 32404
603 31229
12274 35122
22160 47527
8081 21814
31710 35552
26264 35853
28150 45390
15352 21356
26087 27370
16577 39352
10745 24622
28464 51217
5337 9684
31465 37306
6135 18444
1665 6427
15661 22322
21055 41523
27553 28167
18468 35477
29676 43371
2344 16090
10108 35220
24519 26017
32566 46274
15292 30719
5472 37760
6925 32637
30399 48722
1095 12682
3836 13555
30219 41083
13389 22284
28617 47611
5713 5737
30668 51977
5179 23224
17015 49514
15922 36535
24270 25256
1528 20216
3128 12422
25290 45581
7554 13045
27784 41544
3368 24470
12822 16624
9936 22181
20226 51961
27160 44411
1127 30525
2705 32386
22801 50740
12555 30380
1249 15145
25108 39025
11123 30458
11707 27707
10751 11332
3226 22124
31869 58662
3603 19149
32269 37491
15321 38280
2197 23658
22194 29090
14252 44275
20604 42225
21175 27472
10094 22931
8785 24922
1697 27882
13553 16952
20431 27664
22214 51862
29274 30159
16614 29277
13200 14879
17320 42988
19501 20245
28750 36048
32545 37728
1512 11260
3476 22085
9589 41341
11304 32013
4426 11193
23934 24070
31672 40483
22011 35060
10473 11634
19660 46353
26635 36188
24103 35964
10160 22476
25300 36154
10613 13723
24813 47015
6370 16582
31202 49775
2450 6186
31167 35850
8340 40118
27570 33202
27920 53289
22472 46040
13358 19784
3575 20511
13363 20883
8801 14549
8942 20611
32471 61930
27474 34874
11676 39780
28260 36804
16748 45406
19288 22216
32445 51579
29430 36545
10821 34272
2627 30140
8380 30122
24670 31369
7139 39658
31656 45684
18629 19993
551 6271
4925 14098
301 3614
19128 37768
22580 38244
1084 33538
19213 48326
23978 36943
32570 46156
1600 12415
26776 33869
12385 28508
26945 56740
20633 33124
10416 31596
19932 29498
26150 36403
1806 11940
19021 43190
20937 36101
31771 42518
22106 44877
31994 33172
27916 54134
4134 6084
24746 57216
12630 18760
14911 23007
24222 30473
31264 34682
14740 20460
25132 26404
17330 26637
13651 17040
14843 37234
4181 36040
21473 28234
16332 17963
26983 46243
14189 40417
17539 39835
3723 35026
8646 27169
9692 34335
9278 40744
23168 51486
16540 43878
27199 32970
25490 46204
27923 29893
22399 22978
2022 12227
11598 29297
15516 28560
11419 15713
31572 37503
3864 31295
22763 47717
2864 25669
3778 23824
29162 34419
10178 31296
25615 57670
32413 44829
25231 55794
29014 57139
15905 27415
28163 43749
10794 36603
15570 27498
30432 56129
11082 27713
13999 17955
31955 39466
21212 36135
17529 24480
21352 46424
3053 26318
24119 40193
27596 30985
12657 38623
31012 46026
7465 34529
11317 19231
16444 30807
9332 37289
3196 9649
28118 32278
22030 27060
11082 26128
29201 37428
19079 42687
10368 35910
9481 29370
32090 57858
12886 32130
5376 33202
12166 15483
14302 18062
24578 30047
14669 15092
19340 21054
17848 35873
7552 13038
23550 42852
2393 29704
30232 30941
22646 25437
9468 17328
1311 6644
9153 35773
1731 29559
9731 35035
13187 23349
25993 39824
23285 42648
13093 15173
32289 46360
3804 22018
18640 36281
2887 6563
12295 12801
57 7827
22990 24172
20643 27652
12853 28778
18356 19872
20889 43477
20804 29387
6180 35305
4466 20310
8851 29623
8076 13752
31804 55848
26672 41667
12879 43369
31409 45792
11356 42475
17852 47302
28181 30937
1852 28082
9814 41487
29562 45850
12130 34704
22409 24049
25712 55942
15073 33617
28774 35247
17482 48829
31204 63837
26108 27093
20612 47339
5380 15756
32608 60854
4073 21733
26837 43925
30864 35114
20359 29392
17757 40862
28837 35734
19867 49342
4975 30460
29982 45297
12789 44397
15142 17092
7969 25255
12423 31398
19959 34608
6407 23573
7708 16212
15368 22625
20885 34705
10343 22237
4050 16031
28579 52890
6635 19672
7234 27041
5161 8508
26480 43428
2248 15330
29162 34367
2043 32246
1050 31912
2353 30506
6531 35053
29079 59570
15200 32936
25566 46525
28296 51001
15678 31083
14485 21374
25531 31301
69 32521
18855 45877
19745 38620
19048 43520
10844 42395
17531 19259
12541 28491
5305 33734
32065 38532
22233 53186
4922 25388
3895 30472
30397 41649
8659 12068
31355 39355
15005 23245
2670 32617
2800 7896
30071 31241
92 1204
31301 38218
22696 25189
7032 10750
14103 16374
32518 44872
7915 29299
23774 27997
30504 42082
16588 35251
31642 33723
9117 25792
16153 19808
8067 16687
8972 28179
17339 44185
26668 28912
19308 41403
15499 29542
15315 23601
27348 54953
11677 21932
3796 26294
17812 25770
29497 44732
8318 29871
31898 45856
13890 20477
17848 18671
30797 62156
20740 49881
12084 24574
29537 43940
23451 28511
23594 50730
7765 36180
24183 35536
27597 58398
24476 55929
3748 26243
3827 7941
15771 46102
19164 37186
18612 20196
22273 23657
8596 39598
18399 22295
17196 40359
18306 35262
15512 31396
6031 15012
25415 40152
29832 46938
28765 36109
15948 37807
3413 26712
2525 5677
5099 28759
102 2577
1337 11490
12157 44736
31776 38728
11941 31935
7913 18181
15895 30768
21548 38908
17090 18629
16113 16940
17296 20280
17942 23276
19435 28742
10993 14235
22400 52517
29493 43490
11074 41341
10778 36200
16306 32480
15544 40711
8286 40384
30132 38279
25768 31721
23583 29655
9673 32889
31131 36033
5654 23896
19392 45096
7553 26157
25790 31161
8034 38108
32579 47400
19832 29560
2463 27623
11306 41916
27686 49245
11283 15371
3797 6813
31934 45530
25145 37540
31918 35252
28557 58375
27298 33964
13347 18228
15383 33623
19461 44068
15629 22082
12251 20120
23822 46062
2575 7118
19821 35909
26416 57785
21708 29072
17812 49081
31712 52978
18498 20692
30585 42085
4366 34668
29628 32803
1542 12925
9395 28081
1549 9291
16393 37449
20678 29347
17422 44755
9652 18574
12289 16231
24223 49548
4495 28732
2361 17992
2967 8226
17409 25301
14896 43129
25192 36450
6125 8878
7218 23668
18528 25390
19488 36766
27612 57821
460 1464
24703 51221
27348 30102
5232 23574
22330 30276
19814 33284
23819 51131
2410 2649
24383 54553
23773 34276
31713 59480
29116 55101
9584 34699
3107 14779
27524 29582
14352 30194
14004 16455
1130 31653
31672 32343
28482 39232
10699 28244
26456 35028
22611 46467
1761 2695
30660 35855
27527 50324
2498 23743
20402 41151
9350 20016
18694 24394
17794 44426
20525 38774
14152 45761
30166 56689
3752 5696
26877 50645
792 28713
12909 32413
9818 22801
18820 46492
16216 17448
26167 33914
19539 35590
13397 39459
28732 41682
19472 22987
20322 29443
5049 10073
8014 17813
28363 39275
28139 51392
24107 51398
25579 39478
30126 62800
1637 21457
19164 47242
15299 37332
16628 32133
6107 27293
22064 30300
13148 20451
22089 50988
4716 20840
5694 7820
24207 47411
7506 29571
30667 31050
24403 41218
8458 25321
27682 38620
19391 40758
14448 22590
18124 24961
25542 32677
21668 51958
8136 32856
27820 30675
7354 23903
11240 11818
8003 36350
14547 42508
9073 18343
7822 25420
12542 25978
25405 39089
17618 42291
23983 36016
29640 61865
3645 30626
10933 29386
32500 54142
12199 39687
28406 38161
18538 27220
19741 50871
10833 40608
17890 31887
5938 35274
26749 39478
19379 50461
10062 25088
8900 31297
14204 17838
4717 31165
5084 28836
26058 55013
10004 33702
22612 49498
24832 31246
30305 54265
15188 45185
26351 37217
29059 34092
669 17882
28640 35193
23546 34523
15875 48454
7426 34809
26735 52128
24038 32104
11634 16633
22796 50149
29004 45791
8279 34367
15763 20793
14248 38976
20437 22775
14501 16177
31616 57429
25529 40903
25343 29828
16987 35236
19494 33010
16020 22604
5072 30711
21435 41369
1222 13583
15492 27068
5603 37016
16953 38057
21366 40193
4422 19737
30696 34186
14075 39168
30623 34423
11406 21377
1057 30407
4959 17513
19069 23413
1664 3367
28903 31778
9589 41795
6050 29017
15416 36950
24867 42050
11393 12165
17779 47065
31811 41075
13525 21418
11642 42943
19881 51204
17188 46329
10640 33716
6029 17945
1489 21309
26576 57467
19195 24977
14491 22355
14284 29252
30770 38822
13138 19788
439 12741
2640 21551
26024 55358
7139 14533
7081 35933
14693 19818
388 12318
15762 26296
19310 46501
7913 18108
18828 42042
341 2484
9909 10939
2829 3138
1146 30621
185 17190
6243 36440
27862 31859
11900 21099
22107 33357
13584 32715
19101 38684
13749 18657
15984 17220
24456 53756
2703 27746
1722 16977
1854 11773
15692 41579
2861 27587
26902 49192
20896 38209
31502 53295
3021 4886
11207 34025
8581 21937
24888 54008
25879 32135
8639 39728
15986 38089
14438 29199
4489 21149
28260 48306
25596 57306
32231 56146
1524 5430
8720 39224
16974 43787
26687 39481
23037 53895
9874 32169
20137 45154
15272 28373
16540 45341
31659 56062
25567 44726
28301 33997
20640 24543
17297 44363
13015 35002
7694 35424
7466 25868
8048 17087
781 17399
21119 42855
7725 19766
23524 25242
17167 26575
5096 21584
26868 47694
28032 54329
26881 48252
20103 37158
14492 21144
15690 17935
8985 27151
1865 31877
18070 36787
17724 38058
22563 30579
24661 51880
29479 60821
31941 61868
30719 43369
28033 40028
15847 31113
5446 27344
7198 16778
22746 46602
3653 16695
1686 20716
30728 40265
22305 38578
19457 41373
27518 32490
6617 13551
27721 28396
18353 30225
11837 32975
31424 64159
32762 63462
29501 42814
1285 6837
24447 39249
16913 43626
27235 39469
15997 45011
2286 5079
24349 54742
19251 32570
24125 35184
13431 17372
1251 5923
24212 33051
2389 32244
27803 47329
14043 45024
4285 21470
17094 30680
10604 30528
29361 48437
14781 41961
30727 56498
16657 38698
9414 20195
13812 25849
23938 54316
10309 17321
27820 56894
20120 33060
6932 28426
728 6559
12717 42298
29233 59352
18576 44584
1068 26310
1860 21852
15644 31962
14909 27003
8122 18609
24994 44741
21004 26442
7508 38669
2443 11207
6699 30509
644 16539
25731 29186
1727 10827
17399 20707
18271 41885
1132 33174
3593 19286
20562 29135
2376 7027
38 32797
14384 41435
827 14959
14658 29341
17851 41475
144 19364
14312 44254
14626 25073
23208 48331
21911 53329
30017 50122
5135 8091
22625 52753
31049 57438
21089 43387
1801 20002
14538 25224
12733 29723
11033 20178
22879 52067
29375 56574
18845 19122
9324 25155
1336 24469
26253 40277
24746 51494
276 9954
12299 19524
6775 34697
3125 14670
17915 43860
29479 47960
18226 27310
18343 26847
11970 24794
29740 36364
13417 18415
13562 43104
29246 37452
19855 35831
25914 31121
11582 43574
22262 47896
18202 29192
5302 14830
8469 16791
6055 15944
24169 24963
613 2684
18743 33175
6080 32123
8046 12038
3776 31430
9967 15392
26599 53224
19695 37256
10165 20334
21660 24818
6770 22879
22787 45398
1319 2354
9777 15528
26606 49481
11672 38676
13675 19428
6581 38836
9115 18851
17648 31427
31180 42353
6084 13663
32749 50695
4639 29367
29448 46300
1036 13003
8973 29349
14735 33438
7633 12610
7632 17905
2902 11075
6524 35453
8013 20693
12393 23717
17369 33346
8825 38323
24982 36834
5056 7054
26842 47002
32745 35317
59 22477
31957 48432
31825 36826
4230 13905
1213 1552
7740 20708
2665 2857
11997 16940
29458 54080
6298 23002
7684 31817
18896 31813
9765 39433
15148 19998
1333 32655
19731 35249
31828 32302
5185 30098
26053 53742
22960 29918
21489 29579
20923 43246
8623 34795
20099 40081
22466 42260
29074 61636
2979 9382
8382 33513
7042 15317
16976 33918
27527 37081
1126 31835
2141 34288
13206 43360
21233 29137
25812 48821
6519 32163
30358 61824
16815 24696
11574 20509
26726 45122
28311 56018
6719 32844
24843 54799
2483 34102
29044 52767
26199 30310
1194 17508
14685 25860
22557 32266
27486 49269
21948 27719
22359 49226
24341 42507
3825 27585
21437 27454
13317 30392
22258 43381
2911 11305
6271 31273
11458 40476
9440 37489
29741 54054
167 7227
6237 10586
4894 28929
2707 9927
9262 11779
919 28525
29055 39422
25085 39092
7905 21607
15783 37480
1515 17948
21643 23853
10465 19363
13494 18040
19675 37090
18321 25097
32548 38480
8804 30945
2529 22452
16408 42425
7155 35929
2113 22269
10270 30922
18268 28228
16234 18949
31828 46401
27337 29239
8012 24649
18427 32498
17816 22074
28079 57572
18188 30208
23275 40212
18554 37257
30125 57235
20342 22074
23763 26555
17244 23275
4408 17886
32661 35678
14880 25226
23317 43316
2262 18231
18728 39531
32659 41089
30575 48464
8098 29158
3365 31226
17090 29430
28583 51522
9164 36367
12340 26939
23189 30869
1777 30503
20246 23723
32560 42740
26570 35941
14577 20528
30552 46731
25513 34949
11634 38084
22083 33708
3837 35673
26725 28904
14706 45671
28916 36349
30084 49304
3546 10155
23811 53083
6407 16288
6144 28832
28341 36853
30002 36360
26865 42023
24984 35235
13399 16264
864 6185
25117 51518
31752 52396
23379 30138
5571 19926
6504 26025
24606 44188
18417 29306
32739 54395
13222 24646
13885 36140
10925 11602
25374 34272
12828 14086
1758 25072
13497 27745
1829 16160
3844 17909
15114 44367
7287 15198
636 4019
10764 28216
27873 57228
29184 49817
13054 18534
1238 7433
2071 5570
17312 32250
1623 27230
20346 45758
14962 47329
4695 21505
4744 30234
17664 18881
13389 31924
5721 36037
32359 39535
22502 23958
14615 16090
21391 43255
14876 17290
11936 20954
32724 50640
32276 39133
1957 2547
28691 55615
25499 57318
11961 21337
21330 33157
24601 48274
25623 57927
26498 52449
23626 26745
19457 33207
30214 34803
26662 52868
11525 13914
18187 29352
9149 12486
21139 44268
25551 35598
14064 33915
32162 32880
8040 24408
19275 32211
12376 40538
23217 23932
25209 30367
17134 19521
9058 16521
26872 53322
24398 29745
30592 59715
22560 35684
3610 16917
28068 33046
27551 27680
15128 42591
6095 7150
11755 34031
20539 24436
31172 34566
15459 17857
3526 7409
11547 28728
28435 38908
27443 34125
7310 29421
22870 31927
24550 49149
27955 48428
12240 29772
17371 33688
1939 18653
21866 35793
22474 26892
3050 29400
29797 42631
16756 19078
9202 27334
27032 54988
13339 40449
27136 27756
14191 15273
26191 26917
20581 52324
847 15739
11677 32124
25932 32742
7018 36324
28091 33160
20110 51362
31776 56430
19524 50382
13870 29500
4996 8975
6959 23153
27522 32902
26278 41750
31608 55124
1587 32509
4005 33927
9912 13940
12181 43929
7354 26491
27044 44901
11274 34436
30654 30879
29348 39077
8552 16843
31447 40786
32516 41147
14502 44434
592 1405
30319 40639
26673 59103
29898 59057
30639 54361
16820 29572
12864 42385
2797 6342
22857 32591
28574 31796
27874 58866
5439 31727
2010 5485
952 1592
15610 22201
3270 23202
22926 35542
17057 44242
12578 41784
16860 41134
22154 49095
21132 38940
26149 43604
9388 18999
17762 26515
11200 39944
31618 38285
23993 45756
1952 20388
22809 46943
22511 53244
13911 17425
17988 34433
2181 29379
15828 23889
20784 34150
28222 58051
27528 40877
12236 37075
12992 35391
31989 59934
26552 30576
9511 42080
6618 16763
7364 39008
5954 6710
3691 12147
10273 42062
4472 34412
6499 28159
10702 32282
23183 50504
29908 61756
13039 23974
10173 18428
20978 48974
17165 41189
16078 30685
8024 18266
27497 33948
14157 44946
28282 60973
21236 45068
10475 36297
30772 45192
23171 29689
17560 34433
27073 59588
5203 14115
25355 32120
6785 22210
29448 42962
20143 48596
24650 57023
21406 52076
18480 45200
15172 27946
8970 19125
19476 42169
21375 27380
11135 17094
17708 45598
4539 36729
24206 53323
27331 39015
18978 33426
2207 23570
23242 55869
19173 35549
3955 17796
24448 38277
31221 53702
176 16663
3386 7997
21586 30825
5795 32316
20578 37655
26279 44511
18622 18927
27838 46157
2604 4344
19069 51301
9887 36574
8706 17662
22198 27119
9106 40350
5254 8853
7809 19630
21401 45896
6482 13110
31286 44557
13600 25106
32739 36711
24637 50350
21801 32469
7192 9528
30871 46278
23140 33376
23818 48662
13686 44678
1323 21755
2031 12412
30776 34701
10140 23993
29704 58288
18330 42511
73 24724
17854 35047
18189 48554
26419 44024
22149 36635
18533 35710
12299 44994
1054 15346
18534 20647
21999 46404
23882 24048
15314 40847
17439 29020
23309 39254
5635 35388
11354 28473
23826 49902
13124 15658
9957 15309
17620 28975
8280 29615
8557 10126
7825 17884
26101 55438
14654 17798
6197 20392
23069 44734
21123 25671
26050 42226
21150 27638
24981 30431
28633 56866
15130 40972
15484 41292
5237 16322
22119 31171
14893 15748
11000 37337
9776 21251
12847 37794
13335 45983
25872 52259
27308 35158
29513 53266
32425 32576
31765 39432
29379 37255
20064 39484
30951 56029
29740 44988
30916 38777
3379 33570
24457 38278
15566 47823
7408 19240
12053 32926
29051 51684
31048 53541
29181 51111
22894 35938
25693 30005
6459 16380
22935 23076
6199 8950
10499 28241
16669 47851
12506 43232
28289 41662
32758 48297
694 27358
19673 47673
14063 35571
24049 53060
26020 56604
18203 23458
21560 39590
8293 37826
16344 21059
6680 26790
12710 20417
4598 27994
24087 27976
3520 29162
5017 17927
16123 35804
31866 49784
29684 50216
14341 30224
6658 8880
3822 18043
13579 20278
18160 21583
28745 32725
22964 40268
11342 27901
4853 20493
11846 33509
23010 51523
21629 34948
10691 12908
29729 62478
32224 47629
17480 42212
13470 23909
31284 47894
11756 15279
31446 50258
10461 27340
17810 30305
9366 17799
31810 44827
18539 43848
11389 29155
5957 10572
15897 39584
29255 34141
10990 32302
11953 41483
25565 45150
17156 46180
1810 10089
20327 49962
19333 29929
1353 26509
17863 19540
12872 18277
27131 36589
29265 49380
28450 38213
19721 49108
30621 60974
17004 46154
8940 19246
2740 8931
27836 53893
3453 18042
32033 36503
21542 47962
20000 45802
31610 44035
19056 28317
26768 30549
18817 33892
17647 18512
3262 24571
1526 5962
8720 24860
892 3237
20387 37886
25011 48391
27884 36682
21074 46872
19691 44944
28915 55986
7597 26690
16057 29085
24854 25135
311 456
25309 40818
2189 20733
20440 23796
8404 37407
21114 26972
12989 13275
22682 43406
22388 51429
26229 33435
25547 33199
6903 24900
11924 12192
18742 38629
5710 18891
19264 50168
2565 27437
29206 34821
6515 16987
14072 44832
20587 27330
4579 5341
24952 42846
6489 29900
25537 30446
20320 24683
10287 31150
16333 37540
27090 41108
21442 22721
23937 40446
32374 51432
25793 36852
10036 32268
26601 56281
29863 37232
7043 13220
23892 35216
13556 15516
8552 30378
21088 53136
4532 29864
6600 19078
18422 19103
21365 27646
13402 24519
922 12198
9280 15855
18229 42126
9792 22906
30774 46310
28523 54994
23779 55091
9684 34148
26235 41224
13392 18455
17177 45884
2937 9025
18140 30630
29689 43046
28741 43088
22021 30182
3040 6193
6695 34814
15143 46442
1857 2621
25251 48372
16847 27193
17236 38881
20588 24138
17235 23056
18840 39428
10678 23140
3768 26665
20916 23679
14430 25128
6410 17399
6091 32014
3484 18705
29106 41988
7776 9977
22079 38981
21368 47987
14936 20114
20894 36894
13859 33329
11461 17700
3272 13664
19965 21877
24952 55118
28824 44160
15790 18325
31371 34149
19636 28463
13335 35766
28778 42739
8872 13738
4931 9091
2813 20434
23440 40655
24201 45657
9217 30473
6169 38837
23912 31514
19384 36066
15809 40096
28111 29464
24688 48990
5521 35593
15305 24123
16022 33166
4053 15799
19910 30188
12883 25573
23929 29057
23550 36319
5341 18691
23310 56002
3735 24370
20225 25637
4781 16664
20891 31759
10147 37818
12588 18546
16100 19283
8209 29727
100 9228
32125 44355
31108 54322
7034 10590
13110 28657
9770 26291
29537 30346
4179 25422
11655 33036
10522 33135
26277 35465
16143 20876
4186 18900
29802 31169
8012 38068
10388 29388
24776 50334
6890 21128
21416 38122
10941 23515
2170 29329
22685 35898
19678 46432
27863 56986
9776 15025
26428 31721
24423 55716
7204 37126
11837 43222
8883 33340
13201 36252
30811 46132
23305 36020
32162 41586
24059 54404
12326 31566
28046 30930
17886 31077
18460 22516
3490 12952
15835 41363
14574 38018
26813 30426
29411 50798
7060 7217
26766 43218
19578 46201
9837 10820
32368 64958
28463 43509
28229 34673
28604 40870
1722 23075
29813 49442
24547 34999
957 23863
19920 41761
440 9258
17005 33433
16722 38323
1703 26452
9860 19572
3792 24509
15827 24303
28229 28972
27929 36351
11854 31264
8583 30931
3141 17908
7915 36452
25339 51737
21551 29800
17239 33996
22818 39889
64 30035
31100 47814
12733 42415
28956 58385
29531 48599
15763 29729
25040 39024
10470 35712
7133 20737
29072 52935
19065 50102
13255 42008
29739 30344
30720 42521
8120 25604
2741 33896
2558 8056
358 2453
29472 51892
4318 32409
18147 21816
6327 9166
9304 31991
2080 30569
2236 34950
32734 33135
8604 13016
21905 23856
2620 16501
23609 47165
30778 46647
5624 32479
7023 10615
13082 28179
13590 41424
594 17149
10800 33871
13894 16356
5415 32819
9294 16040
6833 29980
24697 35005
1527 19146
23250 44188
28663 45651
25057 35010
30246 51415
11892 17445
17498 37824
23711 27693
30184 52852
30209 61484
4617 33164
29001 45651
10115 23443
19193 26160
19333 49972
7018 29856
32722 39677
19984 40266
17441 44684
24064 36248
22212 49491
15279 42281
26761 46789
16381 40917
18398 19473
20594 23830
18232 23393
6343 32012
25269 41096
32168 35567
26880 30528
11448 27913
11125 35552
28118 53805
31109 61334
6559 21679
27484 40220
22835 35550
16322 17139
4924 15610
20799 28182
10797 30892
26243 30779
28616 47614
25092 47232
29155 57813
5353 28076
1131 12774
14631 23011
11433 34354
22250 34782
20932 33783
6454 12705
22152 30258
21966 49339
101 3980
19541 24564
20411 51677
24755 38540
11605 39706
21690 25837
4403 14291
17674 23277
1676 6954
27953 40823
12563 35915
30487 57811
14202 22882
22938 44115
14132 32789
2677 4238
9600 31613
1894 9498
16803 28570
31376 52419
31860 59982
32286 48960
31006 61911
17193 19311
2850 6339
8155 19211
21915 53095
18645 49127
28614 43741
14799 37537
12993 22903
4478 27355
5267 31930
25787 39161
13421 41169
19681 35152
31792 35213
13687 14565
31534 36051
11535 41891
24117 45729
15725 42000
10442 21111
3820 15498
5042 26202
23326 49659
13495 19274
29363 57363
21416 42805
23196 28416
4258 11381
17520 37540
16270 29380
26126 39760
7403 7608
29828 40954
16334 34997
17967 18933
27942 45161
24612 51755
12357 37321
29391 61393
23708 46715
2522 22693
23750 42717
29520 45726
29385 31092
8707 34606
19864 47078
3883 34799
6108 20851
24399 54498
25587 53997
20073 46123
6457 7216
10053 13114
18055 19224
18986 43413
32250 37884
1724 5377
7670 16291
19745 51014
11114 34494
31331 56670
8533 33504
17429 30769
22921 27893
1850 11983
29359 57660
32354 45600
22411 24762
8982 39464
19329 51257
15990 21683
8280 29884
27937 44440
31039 52598
6741 26726
16141 27459
13912 25509
10701 38307
11286 15753
890 19759
23051 29228
2055 7055
4707 27462
1698 24822
26208 31075
10298 22300
16637 44704
32575 33196
5329 37593
17577 50246
8501 10606
26171 54772
4777 16498
18953 18977
628 33125
27448 59152
6539 15213
13317 33240
23220 24332
14600 38871
22507 41822
14778 23983
22277 52424
2614 31675
10643 36148
19004 45059
15369 30159
3451 3520
8224 29238
22800 37447
5752 17717
6730 18313
23426 32511
31408 44038
15261 25827
13637 38987
12927 17031
20746 23013
6615 7324
25797 48089
11056 15642
18433 46238
22809 37112
21846 29080
17283 20320
8682 30727
19306 25194
20024 37768
2488 35157
21520 51722
11622 44091
30175 36162
1252 22862
13105 25003
14011 25485
26228 45814
28017 39675
28671 36359
31404 38489
4691 30827
13723 34400
25504 40272
6290 35443
30859 34816
25076 32476
11310 41939
15446 15490
10592 14765
12769 16931
6455 8947
28408 48906
6860 27139
6171 30533
26686 36908
14092 31076
19706 45353
816 7591
20793 48147
2359 18112
16074 31199
30208 56326
25361 39249
2230 29994
12880 30844
28736 44920
12325 25516
6104 9348
16724 33263
9977 31338
19143 42752
14463 34182
16851 17090
3338 29604
4541 9790
15523 30914
31357 54804
11170 30018
19649 41589
18126 36258
10037 15516
19143 43962
6402 33223
6817 24937
19860 45994
27090 42202
9633 22128
15694 24112
24935 27688
2032 16071
16437 17860
26140 55784
14636 41361
15523 30465
12615 20270
16102 38235
21145 37121
8255 39259
26838 29491
29852 39724
26389 53286
1133 20227
31444 47726
6081 32467
20541 33864
31915 36225
27560 40083
19691 31651
15456 31046
14026 26033
19626 51053
19782 29637
13059 39065
9071 13001
10410 17889
14097 20283
26974 49232
28307 43351
16489 34537
11807 15070
26333 31251
18436 50754
5918 17563
19544 51042
31136 37410
31713 40389
20210 52001
25142 26703
31484 36437
23329 35447
21893 40896
1864 21254
25592 34075
29708 48198
24679 34770
31410 48578
12752 21627
6848 10104
14751 28620
21418 32405
6773 14614
16814 21418
23592 45626
509 2664
4363 17700
8731 35539
24687 48832
7816 21501
6761 14195
13472 26687
14550 41240
3008 35566
29085 45678
31146 51093
15924 26647
26155 47789
31846 54033
4603 5075
3155 27817
17636 18818
4024 10230
10022 30285
11888 30929
18971 22417
1083 2124
9239 26035
7103 20140
914 32211
6860 19163
15753 38153
996 3947
6945 27929
12539 23811
19086 49837
27515 33373
22323 27917
17803 47547
27914 59221
6289 15332
27463 47921
19701 49300
2616 17680
20265 42108
6256 18912
21990 27829
4900 22082
23992 24505
7637 24393
32188 60381
7471 40105
31144 37702
31026 38008
13581 38245
19087 20572
27609 36328
30549 46158
21536 49467
716 28360
3356 20090
5281 31364
32626 65258
31556 43442
4790 27375
11663 12974
23602 44174
4008 13881
10979 22357
32552 46899
5317 28129
27261 31698
26961 36046
30605 53335
11587 33586
32155 41802
928 4245
22127 29490
10232 32874
19121 34248
24040 56064
7575 24759
31204 58374
31680 31691
26419 40569
20831 42159
20283 36384
19355 35877
17919 28293
2358 29884
8166 38760
15981 31495
21694 50878
20512 28504
5120 34852
10803 14581
28246 29146
21812 47828
14426 28470
3902 12751
2721 20643
27677 33883
760 22804
16562 31687
10989 33021
23961 24301
10130 42702
23818 26222
5757 25829
2045 33382
15379 17675
5778 27049
26375 35181
20399 27254
11549 17165
19435 29877
25908 28098
24491 54696
643 18858
28810 40231
13603 43559
14847 42076
29645 62034
17722 44528
21222 30457
6222 38861
19640 32269
24725 38482
24323 37802
7248 28940
8628 27772
1935 14574
15092 36294
20561 28677
21604 29396
21995 39606
30119 59378
30638 45687
26658 53991
14020 29180
2047 8425
12123 29436
9848 37403
11526 38243
24914 39551
24159 43015
5031 36977
27634 51945
17385 24736
30294 33506
13092 32641
16285 30436
29059 53326
1007 20142
7190 14714
17777 43778
10194 40615
3947 12131
24026 30757
29867 38217
27901 49119
19748 49366
13439 27615
30427 53014
11292 11839
7684 38320
3402 12962
20583 35871
8639 37165
24585 38512
23347 44797
22793 43379
6247 17444
3784 16500
15206 16153
1100 7285
29962 48567
13287 17642
27075 54196
31251 49637
5012 22163
10145 34781
1374 26406
32531 36058
29537 61564
8518 32560
9472 21600
11604 38334
13252 32076
6072 29084
15268 36328
31923 35160
24708 26105
29167 38321
19707 46303
7011 30665
3673 20877
1910 4316
29161 36862
5735 33666
18291 19501
28908 54876
11525 25233
21017 28755
18419 19987
10372 26188
3869 9091
21159 37474
2672 8852
31365 60573
11184 37971
21649 40237
9332 12061
17867 49179
23922 47128
13612 21129
29436 39470
3140 16740
23243 43650
11042 37283
5884 21095
21364 39413
6744 22234
20207 50690
16856 30073
21745 23326
1896 3837
29541 46723
20972 38705
32488 64778
1665 33382
20009 46173
16133 26738
17558 48569
18905 38179
28725 43549
22245 48696
16079 24582
30173 38619
3668 35496
18883 30871
7291 19107
5550 22992
6569 8253
1737 18875
25364 34585
24478 43479
10280 15217
26773 56551
32554 41163
18871 41826
11547 16946
12728 23927
9439 25584
28213 60025
414 7877
22842 24031
107 31901
16391 16825
15651 36552
10004 40619
13976 30137
3922 33116
24047 53810
8372 13693
13639 38920
24046 28210
16796 47697
17789 37907
21482 43298
999 28833
28053 39112
6980 28480
17416 35450
9213 11178
10140 36502
2772 34287
20924 47193
28708 29669
24136 47891
3178 18468
29750 43233
15877 42625
24959 51945
9274 24060
11833 35597
27515 57413
27392 59169
12009 36522
16027 26028
4887 5267
30429 33816
32273 34681
8392 38505
4253 33889
27641 36994
17600 33485
23872 45256
21892 38206
5262 33902
21497 53027
10772 15648
3450 34901
26281 53313
10033 13837
23404 55202
4830 37219
7339 11194
16595 17208
9220 12123
13123 19903
7626 17646
22205 27495
9643 25899
17396 39772
13967 20299
20161 37751
20930 51914
1643 20415
8534 29335
2853 30554
6595 33229
23768 53001
24273 39407
1827 28957
28600 31389
20129 33522
24197 41674
17258 40932
5823 21369
23772 45513
30539 60404
667 28393
17293 38782
9942 13685
12240 17556
21964 31873
3304 23965
24207 37495
22293 47910
30984 57623
11307 18334
3388 28392
27888 52355
32717 54832
3526 24869
10180 26997
23178 29399
20877 48487
12731 24234
29507 53350
31455 38055
30255 34673
23586 48256
14731 47262
29505 54225
12939 31511
5542 15824
19870 29841
23509 48268
29937 56383
31750 52124
24628 27472
14355 21603
4514 29412
25237 46014
9275 20355
16202 35135
20308 29209
17083 18408
17234 46698
29979 32861
17331 48908
31857 56482
8782 36574
4602 17746
32731 38911
26312 43088
30133 30795
15280 22795
3295 6989
12387 33323
9797 31163
3547 8399
14405 44652
4089 33092
1390 6351
29292 46396
12424 17639
17620 31621
20948 53437
18983 37190
29077 34656
26452 58544
3022 26965
25895 41277
334 23189
2413 3424
6634 11775
19288 45509
31754 50776
10021 16901
15719 33979
21755 48860
28946 48278
26391 51689
22201 25889
4902 8921
3878 16467
10994 17965
31240 44895
2113 9577
8438 27817
28666 28877
21425 25406
12426 27281
22953 23501
32646 48025
23747 46878
23186 49584
29018 60939
28545 53052
24452 36599
20414 21628
4502 28871
29418 59959
19434 21336
19654 46592
4575 9594
31316 40932
23586 43113
19001 20900
1068 10428
9318 30579
2316 34025
5367 14886
4455 14646
32347 60144
20157 43313
14006 22683
9709 24235
5251 17980
16636 30256
11902 31601
28178 28922
21185 26130
28613 42094
31021 50542
8858 32531
13579 22273
7113 23307
27123 31918
9537 38405
18413 21620
15084 42686
21207 47529
27956 59378
30983 42927
19654 20696
32049 63021
17302 21270
14218 26312
32547 38463
29229 31837
20476 51397
25790 37811
8835 15988
4942 13752
29937 37995
5247 6969
28314 37519
745 23062
31859 33419
7612 13309
5841 13375
23718 32418
5235 26560
31479 40311
11971 21708
15875 34019
7001 34752
31431 48889
24257 52245
7888 27062
15486 23637
16473 42671
26702 36755
31156 62545
23728 48228
5099 26776
31396 35157
17574 17730
22194 25320
847 23950
22317 52995
14709 17775
1977 22004
21102 49732
17931 47325
28225 29973
11248 11701
15299 46661
23185 55483
15871 39626
2805 15215
219 6894
1991 20747
249 21117
29786 36988
19164 21118
1258 3031
5452 31858
3109 25938
23291 24324
489 20924
14184 35911
26448 57467
2820 24938
11242 16630
10900 14323
30793 48539
7638 30834
451 9296
12647 34498
19315 21614
24548 32694
30849 43573
22095 49242
5027 32712
6069 11943
28644 31651
1038 15291
1701 25749
18021 38800
30433 45876
28217 36409
2485 6361
14370 34450
24607 46101
18872 39553
11782 43694
25776 49319
9850 24847
21832 32666
32062 34633
8166 8864
8579 13186
12795 26593
5623 16885
6702 8231
2558 12901
2999 14349
6207 15127
12552 41662
20067 51529
4531 7723
25113 42794
3976 18624
14174 32596
16125 32927
7163 30146
7892 33884
23631 36424
29431 52522
5454 6282
18087 39582
26570 55674
22997 42975
28914 43592
32208 33383
11288 17629
9505 31278
8631 30165
10931 41840
1972 27637
5176 25052
14052 23845
21447 30028
6607 14565
19658 32774
30899 41029
8215 32357
18124 23395
861 10273
21715 33881
10178 13052
3269 8127
29642 61181
6885 23196
5243 13354
10244 42465
10687 39359
2304 26466
4617 28386
1931 30793
6459 27875
10285 10517
3784 6893
4492 33550
1813 23360
30956 32572
19494 39406
14322 27361
16758 38150
28589 45425
16166 46684
23767 50185
10330 30391
16727 22119
16609 17036
1803 10597
1556 22579
32709 39659
3840 6053
26259 45933
14279 15279
1604 26849
7235 29867
10535 20274
9709 23737
13846 28227
12541 15734
7859 30043
3283 7990
754 1062
23446 39353
11736 16680
5403 24166
20354 30135
12552 29694
6248 26480
15417 39900
6627 10038
23906 55461
4077 36259
3318 3718
30760 40194
1096 13545
6691 32970
10225 37292
25816 57999
29041 30172
17785 19587
7193 29674
23404 53607
6440 34663
11668 12806
3892 9783
17618 47150
26827 45899
20427 32547
13915 19167
13292 24991
26447 57380
12204 17731
7803 9352
29201 31632
9658 12386
19318 28772
17621 25905
23435 24044
32679 33104
24733 48671
32639 56623
3096 12726
11206 18958
74 5283
13794 35377
23401 30730
7257 23191
29656 47544
26938 34362
10662 28956
12217 31422
29016 59838
3353 22187
31720 58167
12495 26922
8205 20140
12260 39735
26813 49600
10139 14942
27888 55058
29524 40173
21672 46130
31152 38835
12078 27928
21750 48435
32414 64801
23221 24157
7333 36222
18091 50374
23690 49464
3302 7779
3691 16027
5929 37565
18378 44604
29073 31145
5448 26465
10872 11140
31151 33287
27034 58088
24118 34388
630 10210
22529 29070
1528 15537
26344 51351
5972 33780
4473 28637
2101 22638
576 32991
23 20017
2630 21784
13041 21857
11479 32382
27416 46694
6280 25977
27232 57252
12665 17499
26244 31928
4312 14422
9416 20265
7590 8181
30940 49317
8894 32537
11012 42681
1555 8294
2422 12292
1337 11334
10499 29429
6951 27995
6394 38401
29499 31354
3658 35161
3454 32285
18918 18979
30762 54119
15982 42805
17001 45196
14603 32584
3168 5849
4507 28852
22636 49184
9742 29349
427 16821
9487 20438
31679 40168
27623 31431
16334 29942
31647 45942
2765 8843
18789 30357
20735 23729
28210 44615
2744 12106
31145 40014
15975 30479
27713 30159
27603 39677
7334 10372
15525 47958
3165 16755
7719 36371
28583 60711
10315 41185
27817 35180
30191 47252
21961 49278
21087 34340
25435 42443
24604 26912
12413 19493
7388 30635
32575 52603
26321 33774
2056 15378
26414 55064
22581 30013
1512 22991
1026 19859
19129 25129
12206 36522
20331 24361
13274 15949
10067 39345
24883 42805
24604 49917
10064 39743
32710 34972
8925 26407
9197 26082
22266 28606
9807 27372
5598 28835
27273 45322
23744 54392
14625 46271
9975 40609
19401 19769
31840 56947
28386 31047
16128 41971
23616 47570
31722 60939
13101 45521
17251 35395
12720 17354
19525 24057
4879 25793
26273 37141
14226 23731
424 4679
31114 44177
18636 27839
21394 53684
7202 26462
15381 40663
26635 58742
23056 25229
8211 33018
30489 37692
24857 54849
21153 47254
32433 63794
14966 19079
32710 35843
3211 15804
20100 28530
1532 30097
8052 33910
845 21387
21481 30592
5619 7248
23452 36141
4885 27168
22931 26748
32659 58573
4167 17038
32072 63284
22789 35801
7564 14895
10901 28382
15613 19733
29466 44135
19584 21423
18745 51510
11138 20909
14461 34121
30596 39842
11514 38023
29910 38266
16945 37119
29858 30323
31028 40604
23597 51861
6667 14431
12634 27048
17493 40725
20592 39854
29490 57748
12060 41689
30817 63086
20666 25355
12966 24360
20432 24254
879 19703
8411 16780
18358 48885
29263 45088
22569 37338
19929 38315
21641 31027
24295 42722
15952 23066
618 21109
9878 32622
986 22274
29493 40846
11131 13971
32556 43917
480 16275
6721 24555
27821 58181
11243 36558
2209 4545
32110 39864
25811 54115
28488 41157
827 22478
7628 13657
17013 45660
14605 20066
5314 31768
5117 12295
10320 37688
11990 26857
25787 45074
16569 20179
25043 34710
1173 29944
15264 45895
19787 37799
26531 38575
9488 22918
28511 31323
31762 40518
13336 37970
10846 28383
8155 13835
18689 27464
26558 55271
9837 28074
17257 47657
23071 29472
15829 21357
15231 15845
852 17570
16392 43287
20690 35454
1192 9701
26714 42106
1642 23119
11996 26952
20050 22872
22317 49355
5256 27841
15951 31634
7866 26692
23795 32715
23995 32321
29244 33725
3696 36357
19398 36292
25068 25462
20199 29121
28890 57427
10036 33817
32283 34531
15943 47660
19633 24122
24768 28745
3292 10211
13450 36136
9346 24353
25696 47845
22228 31142
9359 28020
3887 25031
29949 61082
21312 41526
17514 42855
8300 15166
22774 24363
14447 39286
8675 10224
8515 9720
22173 45172
23619 26653
1783 13209
6288 12471
184 15721
25780 50880
11862 32130
9093 36251
21249 24341
18508 40134
18403 40543
7719 16665
7847 37790
7852 24435
19768 27525
7119 12542
18123 34109
16646 20704
9759 11735
12203 37747
19715 28998
15009 40702
7450 14551
1338 15857
11739 28455
2392 25239
9179 24988
18643 21585
3407 5986
11803 32334
26572 54743
24607 55233
13138 35474
3437 23963
13961 21199
29338 38340
22602 22637
8164 37841
12897 15459
16918 30522
16786 18110
29356 56089
22234 37901
21304 44889
11766 30822
30724 62324
19754 20442
26105 51885
4667 29798
10175 25022
4285 4467
15910 40476
9621 36046
28613 36520
25526 48408
15329 38374
15918 42441
29840 50619
4966 28832
17437 25758
32165 56477
8623 37976
3287 23164
31014 37427
19853 36519
2630 35002
16708 28850
17175 27371
11242 16471
6539 20722
23198 34787
10338 20067
18360 25659
4939 14828
16393 19015
30284 56978
28004 33270
25699 36455
27228 36525
14702 36548
17232 48452
17224 22014
2213 3965
1589 4768
22099 48378
8320 29731
29859 33206
4450 11555
30263 61954
26406 42782
30538 35825
6283 24484
25145 48735
3434 26387
23874 40285
6808 30927
17804 31791
29966 42234
23400 42178
24647 33707
983 25766
7146 27046
17228 42881
21673 38550
21939 22286
7273 21697
1969 14479
11683 33349
13614 32715
32266 64459
4369 20350
25710 57541
6730 24408
21984 43295
25110 32628
32279 33917
1918 12619
14098 31471
3105 3634
9215 18219
26164 45903
29532 57924
29639 60176
3164 14564
13130 19495
11148 33280
25935 34301
12982 44821
31634 37551
12293 28124
31030 34433
24683 45957
10321 13530
12608 18796
18603 25275
1324 21330
7107 16054
16454 18199
29203 54884
24445 52720
7573 16740
7992 34593
28038 47563
30009 42031
5994 23074
25031 54946
12624 14553
23564 34612
8535 39234
23996 52877
9841 27147
20983 42875
24167 51506
27505 53931
27934 50556
9680 25565
10520 38259
30293 61598
28989 31705
28607 55428
4060 4515
23916 40672
20205 44397
6594 19961
8601 41077
9165 23490
1788 33044
14377 34839
2601 15028
28963 44143
878 6983
12827 29974
32474 38468
25133 31720
27645 29975
14864 15492
31471 44321
10557 23046
19092 37676
5716 11843
19485 42079
32444 39548
32722 40130
14730 37269
28431 37674
24997 54228
1933 21173
11047 21519
15331 43461
10246 15982
3405 26228
16371 39069
25259 47244
24450 29573
20685 45318
8844 9862
14317 38644
32210 35883
23165 51721
11234 14438
20772 27271
24895 41033
3 32440
3004 11062
28988 52713
8489 9633
14517 43232
16689 36160
17689 22486
11907 11980
16928 26091
25392 36141
28689 33314
17492 35389
5253 11735
14585 18681
26733 28856
10296 16701
10070 19005
8865 31994
9196 39069
15070 30448
1469 11595
20882 37598
5184 18156
22663 42827
13078 43212
20745 37036
29583 34777
2445 17956
24432 34076
24215 26559
24820 28080
730 15908
27664 30773
4768 9166
19707 47059
30316 53194
16366 31911
22750 31207
13865 22976
13272 20595
27702 34968
14559 46960
13681 25097
6340 18768
8392 9417
28291 37159
23232 49500
20843 30313
28856 58257
21119 53792
22898 29050
26909 42402
26319 47073
4829 27338
1242 31809
10940 30131
27144 44095
15226 24556
7359 25252
20800 29999
29204 31181
3718 6561
27097 58286
2100 8576
3031 32577
11527 37472
10840 41859
15415 17894
11753 38891
3927 26104
20061 45663
15228 47740
23829 53939
19873 49293
1151 29591
9802 33587
8413 35097
14440 44446
5704 25749
12157 20183
18420 22068
16640 18175
5301 17373
11523 22022
31938 60852
12819 17376
21690 38924
30816 39485
10724 21217
14366 26565
15291 38612
7978 33996
11946 28571
14833 20877
23572 27650
25486 26078
25495 35674
306 10860
24978 57465
3273 21363
28388 41516
13018 13554
19959 24885
1967 26726
26878 39867
6071 15363
1402 26186
22312 25449
20739 25157
13544 25053
11077 14819
21678 42501
20809 22948
13413 20248
19958 40774
16593 37789
21463 46661
7540 16798
25630 55755
9139 20584
26345 46128
23861 31672
6341 37866
32140 57467
29040 44550
7959 37634
26596 42539
18214 42685
14224 37888
30048 40818
2793 15924
16994 17393
12065 17131
20905 51797
13622 26047
6834 21938
9263 15153
19807 48466
8355 27043
21917 38256
11642 14288
16964 29032
27127 41159
4927 22390
28919 42337
13036 24042
15731 37683
7877 27107
14412 30994
833 1927
21320 33025
20213 21428
21847 26540
255 28484
15388 18789
13988 29626
22184 31888
15416 24960
32137 45482
9534 32669
3075 4276
12241 42224
32413 35892
30531 58082
23264 41384
14851 35234
17499 49024
14020 32223
25322 34964
25819 55292
32312 44320
3049 17608
29315 37176
32443 40891
25247 30913
32110 48807
19262 28907
727 26357
23406 44838
290 25693
13923 40349
20920 47384
631 19756
23655 24483
26991 34007
14781 38378
28160 42693
21684 43531
14994 41655
20373 49289
19779 44542
12310 35840
9519 30965
5829 28264
21743 39418
1450 31683
7775 26082
31272 54872
31652 60917
24101 56430
14702 23396
5227 8063
1659 24643
9293 40178
7261 30206
18573 45144
25980 41296
25981 46874
17502 29635
10853 23994
24614 33439
25125 36487
6747 35686
14107 31187
4587 32204
28231 44978
22384 41774
23981 49961
14001 39819
8699 28398
14700 26619
22380 45977
18259 47784
23020 26468
1876 17476
20605 44890
26141 46853
2009 23062
26080 46874
24665 37881
6995 28832
21269 27870
31740 35619
21069 42843
25003 45708
2312 18798
26440 28064
15866 26302
718 31220
23979 40014
152 25961
28630 46520
17372 40221
31759 62434
28789 43501
8617 27960
25061 53858
26327 32611
5018 23091
785 19074
24176 38710
10426 11746
12152 37853
4607 15924
7160 30503
21762 44361
30386 59936
17208 39749
19049 45782
22543 51546
23970 48335
31445 42498
9128 18177
6101 10928
16082 28494
21699 33552
30728 54138
25690 30139
20356 32673
15683 34414
2774 25135
14393 18885
25643 32092
22891 25201
16078 36385
18721 40943
1263 24752
16291 46790
4772 35438
26711 35382
21037 49510
41 32629
28028 35144
13103 21095
14581 28124
32141 58329
15218 33532
5015 31024
30602 57867
5430 26026
23059 23789
4237 5393
29157 40577
6108 28661
21729 28823
28324 37219
22066 24424
4620 17952
29139 29326
8323 19801
4433 13182
25767 53991
3539 14718
1893 6908
4951 29468
11618 22370
18750 25898
922 7726
25611 38705
32584 63998
1128 25967
21765 35753
1898 28742
27443 46464
11285 24894
19356 51199
12835 15737
22615 43015
22017 32166
18412 26265
19995 41858
11447 16904
11609 33993
2962 35001
20201 33713
17838 21841
12096 27875
22978 40056
22107 45806
16488 33800
14155 16200
26563 31689
10480 37050
4710 36778
23557 24419
7537 27509
29276 32298
29181 34829
7019 12728
9659 31263
23048 46320
3799 23135
22385 41701
20259 48959
26511 32339
6769 16421
8828 36507
15424 31271
14146 18994
8348 36415
23526 34470
25663 37122
32421 42503
12284 25568
7293 31210
25438 28626
24815 37855
21132 47511
29444 47972
7023 18286
5006 16739
22039 53322
28848 59686
9307 11402
21152 40658
25792 32822
1452 13150
3229 5808
9595 22022
28028 59378
11670 33613
27074 48960
29478 41324
23699 31594
27648 33361
14576 24694
26334 33550
9250 29412
6383 32987
3932 21602
9363 23434
5276 6656
32095 48506
6866 37870
19816 24857
1348 32433
16318 35793
29233 38364
21558 30346
19636 32838
8301 23451
13804 36294
8713 25156
2394 15973
1602 8106
138 2845
2722 25930
14838 26636
23304 38125
10023 30764
4339 12847
9757 27279
14333 26982
18929 30996
31654 50214
5817 32926
25171 49970
13484 43726
14743 38391
24199 41277
6064 10115
3887 16942
5717 14592
12951 20170
10927 16806
24036 35547
16037 19513
21199 50684
28508 35325
21067 50776
5374 21298
616 3295
30651 52486
27512 60159
22030 27924
20592 25051
8258 37461
26257 49922
3380 27549
12359 35499
27738 58259
32593 60266
22788 51749
25122 33639
13026 29574
135 13080
32711 33950
11147 36220
6828 9480
9368 22985
21496 52876
24542 40623
26367 29200
17912 44810
26824 43538
14541 45086
5139 12966
24501 37193
5786 24294
32478 60737
17304 17392
24045 52422
20360 20825
488 17122
31023 36648
15955 23194
17372 47440
24985 52777
9967 28836
174 32696
22168 47439
9715 11156
2529 32462
26458 52201
25071 54634
10186 42488
22148 45354
1989 30927
19401 51794
18760 50563
13643 26453
10994 43236
27203 50256
32361 48826
3866 20482
32250 34426
14380 30274
9599 16764
10701 12284
4742 17081
22921 37024
12207 43006
5296 35110
12118 29861
28691 39036
6514 34253
25864 41344
28861 55318
16308 40571
13078 38610
17033 27161
14627 27839
8973 21981
14650 36422
17373 17950
29058 29994
20466 35707
15701 17858
6948 12757
6633 21943
27628 31940
24112 52275
4718 18839
10748 21409
28855 36545
20583 21727
22595 45273
16754 46074
24770 25872
14060 34403
7195 22822
10390 15019
19378 22762
19332 43445
31463 43300
8390 35189
8927 20509
22344 47395
15238 33676
1271 24308
24020 29714
31525 53075
23376 44595
14895 46488
28371 51402
18525 30274
27279 39173
28681 49835
1871 9178
10500 22086
14592 34052
12597 21840
11377 33653
6275 17677
21079 35662
17398 38272
7060 17759
11288 13469
19129 33815
23202 41740
32457 48635
27476 33363
23360 52648
5157 5278
29011 44863
30876 42470
20090 29543
19582 22200
21548 40892
2473 16482
15593 46286
15680 27315
29310 37272
12296 35630
6533 27763
28178 34242
30251 39316
29083 42760
3638 22272
30000 36847
11334 22024
12566 19204
10330 14905
2024 33563
6551 17890
26242 54161
21829 27643
23326 43519
24347 32684
10173 12661
11964 14649
21449 48943
28289 51332
248 14542
6009 11518
1907 27666
3758 35618
7480 20496
10154 14190
3260 10219
12346 44759
16085 32522
26994 46278
7128 30420
4593 20106
2046 24034
25959 54361
32525 35007
13652 20412
4916 25622
32530 57233
21302 47221
8981 22913
23499 38779
8562 24821
6211 27288
32670 43917
30316 39742
15224 43805
4534 19617
28554 54565
6549 7911
3212 16320
30503 62435
19498 52265
30231 44369
16648 38570
29889 56456
10242 25619
24470 56243
24248 50364
31682 51344
9034 9457
17677 22684
352 755
25343 32470
4206 33387
31048 56049
26422 38243
22367 27148
26766 29376
19304 28910
19811 37432
7259 38843
4094 26057
28515 44843
7302 34997
7300 38725
27334 39925
13953 16277
25905 34870
18941 47332
16675 23884
6112 20593
11370 34606
20220 44201
29701 36973
2289 25438
2091 10794
3661 33151
400 12690
9720 31825
3043 27343
29648 33831
22939 43400
10896 12440
1267 7893
5366 32314
563 1208
14885 38361
1842 24339
8520 21803
3097 35363
30840 37136
18793 20083
8928 35140
22336 45662
29214 34197
20952 49403
3821 5284
10064 32411
21761 25621
29359 49859
9779 10824
2086 12193
30942 39317
5781 32513
9609 21761
593 23759
14278 24181
23845 34562
18009 30327
8086 27421
5789 25959
1899 31015
3876 9775
16237 25628
15774 27261
13420 34798
29692 61567
15234 44275
16597 41498
28060 57578
18184 30108
23605 40290
14499 34812
869 29637
30979 59533
7451 30401
10813 36408
14758 39237
10685 28213
16763 47870
16429 44095
17458 39494
2201 23631
14545 25506
21200 52692
4941 5818
1293 22634
21326 30925
16598 41492
28723 52398
20261 22258
18006 34871
6086 19064
27025 48965
10240 31272
257 31791
3191 27083
4105 15803
593 20774
20634 21148
17304 37684
690 19044
29407 30429
21795 46080
27177 39216
19350 25004
28934 37144
17871 27248
7679 15509
3123 8471
26420 44919
1415 14495
9796 15250
31226 52798
4973 35446
1894 4306
31733 49323
10963 15832
14280 41573
829 11242
8802 12734
12695 39600
6895 15982
31247 32862
20401 24321
2708 3241
22691 52115
2709 6462
25948 37379
22540 49086
565 7086
5564 19763
14510 31912
28342 51973
3854 33905
13090 21882
11082 34862
12860 30632
7464 24164
30109 50414
5028 33836
16828 26604
403 25579
32692 57085
30086 46478
29768 40492
10481 28735
26660 52911
2701 17820
9573 25563
18426 40561
28252 48547
6825 37105
20879 36999
23545 51307
32513 51986
9376 22149
692 12498
31565 58864
2155 25291
22156 50853
3252 3447
30185 52120
7974 29750
22104 29174
6632 37452
17876 18901
29299 35156
23111 39031
1944 5435
20394 44019
4292 15801
4461 22652
4739 32072
29465 38673
31811 38297
23604 48565
21339 51600
27493 51498
3915 13497
21720 45094
2885 30788
32740 47119
12525 30074
10219 17197
16478 19892
1154 4202
22893 24532
15570 25729
10801 31552
10814 38077
26307 32854
11847 27440
28226 42597
8108 23651
16666 40743
4821 34461
11398 20407
369 29324
20308 22281
5471 36232
23529 39395
6858 21826
15236 35922
23961 44294
30407 61610
30214 54376
1907 17394
18572 30596
30579 36841
15623 20661
28956 55922
28951 54218
9395 27284
27077 55998
10031 39663
2153 19444
11841 29110
18123 45547
19858 46628
32392 48248
6476 15220
16311 41853
20955 39262
31437 58148
31989 35337
446 18832
4055 9606
9317 19997
3794 13001
27686 43540
17927 17949
15058 43747
32623 58656
20682 46547
23070 26680
32360 62793
9928 20880
1178 10095
28036 53641
26832 34429
208 12471
16409 16995
16853 22358
13704 33799
31213 43591
20445 29183
28003 30082
14945 44739
2938 7182
5394 18540
24496 50560
4096 4583
10307 16621
22007 23982
13813 21860
2654 4609
30988 47074
24159 36510
24478 57043
329 23544
26891 27391
28722 39918
4811 24077
26848 46087
618 22130
1002 10534
4304 35051
14874 42181
6854 12156
22806 39850
15030 42461
11071 36384
20402 27514
22234 22962
30136 49897
14446 37982
21301 42721
15468 26960
24519 52401
31765 61212
2119 27707
8601 28528
21511 34154
22396 38992
28504 56108
18238 36561
16208 23527
27451 56137
25290 44913
14288 42766
17581 41612
24511 50091
9074 10204
14293 29593
12768 42588
32202 60533
13594 19801
1640 2746
17372 42477
5871 12026
2818 6638
28089 48277
15178 43119
15898 45548
1114 32692
9098 21026
16645 46251
20486 22606
14538 20448
31155 44084
6813 26622
19397 36991
5355 33214
24223 49781
11992 28003
31547 33587
18123 22961
11725 33381
23084 54375
27555 41594
31340 61493
20560 36447
4934 18483
13833 39096
26181 39134
11599 23701
24455 42632
6095 38828
10176 10583
27270 46608
6017 30395
23336 34666
28603 41061
31939 38322
31615 49343
3999 5473
32519 44259
2154 26421
6138 17432
4753 9048
29420 38085
4593 9770
31268 36584
26543 38507
24995 31766
32356 56571
13410 29928
24958 34320
18138 35835
25571 33771
13001 26213
6615 19221
16436 31151
10783 16402
24488 42824
14950 28318
6598 28037
31457 33379
6143 26130
5423 31021
10907 18922
643 1703
28672 45784
3332 8595
305 21090
116 12928
18325 22091
19984 23553
24570 45704
10168 21608
11993 34996
22096 51451
2523 25870
20326 49840
6813 35057
19989 33888
24240 31427
29481 55939
26853 37755
12419 21605
18375 49546
960 24290
13672 14688
17429 47256
29793 52062
1917 14246
32276 38731
25367 55519
26164 54610
2761 4226
6024 27769
5162 21623
19947 36499
24735 55296
29080 37314
29380 61686
14244 16228
13069 40576
11212 20629
26541 43338
1905 20513
25526 54589
31201 39421
12674 40120
17880 45118
15443 27977
22599 40343
15670 24031
15443 40263
28461 54925
4257 16539
20108 41396
25041 51679
26532 57035
3656 29913
30879 52870
5939 25794
27307 28828
712 28602
26203 27385
13263 32708
1865 12915
23138 49469
29441 60683
25073 54993
22298 34201
137 19193
4774 26898
19285 30444
3789 25906
29797 38686
2740 8380
5550 17713
24228 42292
11602 36723
31336 61967
12066 26067
8950 37234
20321 37977
13138 42600
27339 33567
25776 27800
12246 29640
25049 41342
27960 29817
10703 20260
10665 16464
1460 28765
26858 50524
5608 26227
16902 34839
14962 47212
10968 40028
23201 37814
7373 27614
20466 34407
30444 33317
30773 60149
16659 38397
13036 32103
13443 34937
19956 37396
11678 37218
9575 26072
27376 53558
31424 32715
15725 32919
18240 40062
3577 30030
3473 6829
23598 46267
28330 57722
6745 19406
1522 14372
2757 9348
20648 34624
573 4314
9346 31600
13260 17220
31124 33181
27079 27820
2932 5292
20493 47074
5532 21688
13198 23193
12047 24521
23306 29662
2368 25615
23835 28685
5679 25490
6006 10831
22997 41334
11118 33676
27330 45224
9146 9958
26117 39965
10103 13232
23116 41093
24177 34025
28236 28552
27294 52782
18019 29818
6891 17977
28028 37525
15163 38609
17716 21682
9645 19021
16699 34428
31006 61055
29180 44845
6384 9526
8832 26055
23049 23089
3471 30406
286 22171
28185 54110
30257 59900
28373 49711
20824 24763
15656 18815
9409 32780
17224 19185
10227 16239
19873 51391
10326 30627
8056 19566
25334 48934
15054 26380
11140 11296
24455 49888
1182 13288
1483 16043
3407 24563
22445 35417
26586 36949
28170 48442
32179 33707
21684 24000
17615 23716
6608 21168
27165 56553
27773 46555
1365 3493
3767 32859
14832 36204
7802 34882
26999 48064
31274 51166
23297 31236
17458 26214
31736 47606
18924 31289
7707 37280
20929 31890
22217 36060
5265 26305
25468 29762
26196 28901
14228 16804
20994 27171
5974 31238
11441 41564
25652 42260
25597 56679
32334 39454
2989 18376
24378 55950
28308 58601
20992 45529
9908 28369
27753 54023
170 8032
11642 43931
11846 23292
25915 42002
3193 13528
18877 34268
116 17567
23898 48851
12302 17847
2623 14898
6502 30702
5928 34573
19914 47547
22891 33865
21464 21491
18488 18966
29923 61180
21791 35045
31129 43407
11730 38366
6626 18661
19245 23776
9227 31355
29043 61422
7971 7997
1499 27696
27813 38985
23883 27748
11608 36129
26723 49374
28020 41828
24765 42233
23558 40967
23411 43536
4501 27149
25826 36859
10758 26302
2478 17153
13757 42846
28935 46933
17925 24681
27690 55814
6322 8776
7978 20355
9989 19337
9968 14216
7119 11414
24704 44702
29913 54513
13695 17677
21380 33257
4594 9047
16557 42705
26441 37936
26579 34490
24732 44022
3452 22444
11316 17829
17620 26459
32333 36184
10392 14691
12570 20536
6962 38648
9738 18935
21030 34857
19530 42956
12460 44688
28811 30947
13726 31117
14853 17501
149 11262
30908 31938
12880 43894
10498 35071
11349 37108
20541 39638
29658 62239
5866 35549
15333 25082
17378 29172
23219 35872
31964 47163
11863 34165
28724 53646
13475 42853
19435 24439
23115 33435
9710 28842
17736 23093
14747 38401
7803 8320
7809 34026
7827 27950
23655 32615
25136 25869
144 14723
18760 35652
6206 29773
26059 29701
13429 34376
15746 20679
23297 35181
25405 52736
2235 26271
11053 14939
10503 30365
32399 61297
9889 28806
4746 29694
31130 56775
1627 20385
22173 52119
11439 34823
25463 29167
1104 16305
5334 34817
9220 28195
6481 32305
7603 10654
30121 54669
7367 31319
13903 19650
17368 44853
23078 39577
3465 11266
23177 28140
13485 43300
29840 60190
26543 56537
6031 24339
19248 34283
7392 24490
4081 20457
11491 37300
8180 35043
30018 52327
9950 41114
5242 21089
31136 59711
24215 55316
8534 37288
24382 36806
3439 20744
15601 29447
12559 15401
24975 33193
4017 15392
3098 11827
32017 40587
12221 12258
5193 14145
17422 29213
10810 35731
27280 55657
16173 32509
3452 5606
13242 31072
23489 47942
17642 32445
17993 22085
5016 12391
25214 47007
15133 44995
22029 44171
15148 23159
12265 23727
14586 22568
21140 34207
23458 29106
21402 52170
18377 43487
29790 55552
32381 36762
6168 32859
9059 16817
23327 40902
28178 39940
12132 30439
19130 34369
8767 11169
28169 56348
12143 13321
24655 26375
17756 24027
17376 24937
24222 43892
23226 31574
21699 48720
3943 22727
20557 34550
1317 33110
31227 62074
29509 47471
20810 52593
20433 48396
19514 37992
3441 21484
9301 27104
28815 46926
29934 59842
16314 16677
3751 4697
21320 23760
9270 31433
18496 45399
13416 36614
23159 32028
21861 35153
10744 39704
17719 24876
28585 43410
25478 26574
25900 51798
30885 51749
25604 29806
28115 45126
32761 53080
23226 45670
8381 36800
3132 23384
24271 52665
26735 28795
10144 19570
21478 46908
27893 43889
31795 61448
25484 31046
11177 16067
5378 8140
2663 14535
18676 41430
28818 53332
2405 8817
11745 21901
18015 44435
27231 50415
23773 47708
1132 6982
1257 24264
4101 26410
27394 44263
23366 53237
30912 45462
7213 18999
4283 36027
11169 12726
16808 39670
29107 32990
13509 43232
26403 56765
23416 42940
20518 46205
8242 23475
5222 5974
7834 31631
22603 39948
9960 14827
15225 28388
4238 12274
24730 54044
8222 8596
8797 18659
1128 4927
6590 37075
12002 43285
22921 50407
2894 18344
793 16114
23190 28204
6246 33948
13563 16950
12095 28882
30574 50413
27091 53956
8254 10698
22646 47711
24308 50888
10402 10813
23420 38433
17724 26404
30853 49538
19481 40186
5417 11976
31937 37183
4561 34359
1139 6919
7251 10797
19305 39018
1886 6239
10076 39301
12568 44176
5963 30962
15621 48326
27769 39349
9515 34570
1205 33472
26228 26772
31197 36838
19539 22158
27301 28756
8106 36932
16533 43655
15596 33509
5969 24005
21887 22191
10525 31001
24676 40369
25760 40900
32281 39935
4072 29497
21438 41324
7343 31383
8568 27837
4573 24476
6163 36968
11854 14624
12779 20677
10452 39692
4876 29645
12672 41941
13464 31309
6173 16237
24425 47775
15358 22469
14840 21731
10490 10940
28029 30902
1460 32154
9816 29804
14112 26124
29616 34245
23874 24723
19034 25639
3385 27783
12028 31830
27773 58759
19314 21929
4453 21108
29552 39113
19692 25062
23657 45024
16820 19499
3248 30809
27723 53944
17886 32274
174 5412
28275 47127
16651 29597
16064 16092
12747 14055
13572 29679
20176 46541
5333 37684
9723 12314
30145 42399
31474 38679
9526 19816
22560 31609
24479 25540
12541 22754
9424 24606
31119 63190
11172 32974
22321 38704
14564 44371
20115 43549
23915 35335
4866 16278
24456 46429
23273 28243
21412 42642
23960 26694
10277 42475
24133 29843
10386 22120
26704 34566
15351 18688
8396 11537
25227 37209
20794 34872
13968 21500
3991 36376
29819 50706
10138 17875
20053 38549
10551 15117
3681 14610
16487 24165
19711 35287
14891 35690
15824 17331
23246 27671
22555 48937
26987 29125
24175 29480
5296 7081
2442 12104
5345 17096
23162 34683
12064 41843
22530 26955
32235 56376
15167 21133
8934 39523
20363 41374
17883 44016
2466 30487
1279 12035
6660 8456
14967 38628
32410 34733
15130 15985
22427 37798
29305 49183
945 1462
28 19302
18264 47087
14863 44997
903 16500
14494 21809
16275 28079
20316 23058
2640 5124
5994 36538
30329 42253
28405 34394
13906 34901
4609 30081
6795 11655
12389 38409
30824 53296
9495 18588
15135 25842
12970 43938
9346 10298
26901 57278
221 18043
6326 12738
21026 38377
30359 57901
13891 22953
21999 49691
3296 34449
6892 24008
8226 33114
19119 27770
21735 52828
23705 48647
9759 10947
12485 24002
28533 34634
20437 41722
19251 23666
22514 26352
1887 20534
15118 38986
30250 42315
12908 25621
7564 27602
2915 11318
2600 27536
12639 33632
18805 49063
6440 26260
20255 39890
29031 60435
18859 45847
15462 40919
10843 14338
14103 17802
25681 28252
12632 14340
9974 18020
15221 40505
6045 31111
19694 44475
20068 41111
18555 45739
6747 15234
334 5429
20713 41616
9624 38021
11371 22801
12878 28481
32285 47516
21549 45442
14142 29642
23036 24648
3439 21347
7185 14966
15965 18721
32022 51016
13983 44257
26637 27212
8162 12640
28562 46297
6723 33132
29280 44296
9468 32422
26903 49708
31299 39346
16701 42696
25199 48112
27010 51208
16989 47801
29512 39612
26898 52239
28002 30156
24737 29917
23580 45618
17999 26795
29308 51313
28150 53975
28872 41869
21671 33096
19528 24966
9875 26801
1101 14666
23596 31295
18547 48692
12935 17108
21538 47355
773 19393
9051 20024
15922 46332
25777 43598
3565 32984
19605 27372
25290 35136
11735 32260
28852 38503
31594 44607
24279 36620
5992 38139
11965 14887
4949 10681
7862 35366
17832 42788
2942 27048
22663 32122
5402 33198
13779 35471
2819 29014
29796 53050
25478 28439
10902 23132
17003 19314
18948 41288
21205 52528
26771 32200
30825 57110
6835 35212
7090 34591
17121 36647
5572 7987
31344 51333
32544 51041
30602 41701
26072 35220
5234 16461
12020 42701
23563 28292
10003 34265
16286 19344
1622 15247
23000 53155
27513 42110
25362 29849
4675 34862
15062 45811
18721 48595
10910 35911
27150 51847
17886 23360
23221 28930
2885 8465
22490 43729
11072 34927
4086 33549
6081 22024
20769 51864
16702 32379
20021 40398
9468 39378
16177 46019
4237 27768
24795 28406
16024 48561
6058 10128
12504 13201
14818 42768
27495 27769
17665 19859
30013 36363
602 22653
16883 33182
24320 49852
26829 38464
31461 46711
19704 49190
13123 34894
6928 11686
11323 13327
16358 27057
7613 21227
15487 17351
26535 33583
31584 46454
12593 14724
2824 32071
6024 29594
25023 42821
12217 17513
3726 15075
24529 45544
31631 50822
21314 23616
9575 32878
3721 26251
27664 46393
26126 39175
24796 48084
23628 46287
13750 42741
11057 28946
12715 27670
31944 39379
20138 47082
5909 18449
25736 43092
32577 43922
1351 9184
22519 24073
28312 34495
32525 47069
13470 23863
11879 40535
2549 25508
9240 17246
18675 33767
5579 20145
8750 34919
29538 59544
5182 15487
15580 40484
4292 12930
28540 38627
29355 59175
20007 37911
10669 31370
2319 12659
16153 46750
2190 24392
6100 6954
24404 36430
6046 10045
10181 33996
2455 6183
20637 21849
29186 54772
7382 28433
11592 17757
23243 48973
64 14153
5789 23773
32173 44477
19414 46268
25865 44637
23116 45132
24193 55895
16969 19727
14400 33767
27624 40406
2288 31050
32194 44423
23422 48439
1738 15176
18462 25813
32630 51264
7824 21302
26144 28361
1441 2635
31403 31530
13300 18786
23913 48595
9730 12567
5436 36623
30048 42196
16636 31807
13633 41407
30745 38545
30779 49978
7810 23355
25422 44252
12229 44331
29218 37342
17783 22602
20624 37410
23766 38444
28004 42143
8109 35916
10849 18270
13432 15296
19846 44276
22985 23158
6032 8052
20714 36328
9152 20717
23492 32599
29918 53598
20991 49534
21374 25138
4459 32722
24962 57138
19871 28468
1760 29955
736 30760
7078 23835
4164 4754
29499 55096
15638 19179
11495 39003
11645 26876
28053 59198
2649 12301
26328 40527
24686 45226
20269 52001
31428 41937
12160 41836
15437 18350
10737 34687
15561 46549
7639 19003
11495 43764
19717 30350
17837 47120
26189 51811
18201 21819
6467 7968
18953 19918
5955 30621
26968 32286
9654 27548
1610 23222
9616 10430
11306 14607
13341 16641
22321 53701
18686 32434
8874 29782
30063 30185
8788 25682
10443 35709
27400 55319
7761 10624
3739 4361
22568 22841
3846 34122
19361 31378
3268 4849
8893 20763
13436 13506
14063 40572
12256 12392
10530 33390
7637 13865
15102 22582
21972 27170
19815 51607
31376 52991
10311 20304
8153 35375
28558 55057
1984 31135
26999 50931
15100 37619
31244 38512
140 1083
30700 46301
30878 36397
15948 30048
24240 36828
8252 14439
14069 15345
8491 35491
27386 28516
5806 29056
6537 8623
6013 7447
7630 26253
23486 47023
4536 31019
29319 35503
20386 51432
28830 45334
14131 32644
31875 36727
14722 30943
23472 51563
28798 42030
25887 27793
17806 18101
32013 35071
27508 38905
32254 61243
12151 12162
13057 19384
26049 48138
18229 22472
29958 31801
20108 22551
17766 28893
19407 41123
5781 16547
22498 54835
313 17738
20042 42321
10131 14946
8940 9917
22882 34174
17687 43371
12036 36848
13253 39419
24543 43519
10014 16297
22527 28574
29502 34510
20736 42665
2104 4308
29231 36503
13147 16814
15340 39348
1460 33489
16979 34780
979 29610
31515 55982
722 16282
8893 39750
22164 53610
31961 59769
13643 40004
29654 52360
29757 45614
23498 48472
455 24571
23705 25132
16546 34509
18272 29661
10341 27394
23316 50322
20299 45239
15462 24567
16695 48566
9450 15605
18421 47348
3449 30955
2243 24457
22484 37991
6928 26404
15241 43352
31875 42503
31259 37585
1599 14462
7773 32308
18278 23510
19231 24052
26843 46803
23820 46538
32333 51119
25555 47212
26737 44938
13957 44739
11406 37734
10046 41129
25919 51874
6664 14107
12405 37610
764 20469
16059 33204
4011 15145
26558 27450
32700 39283
26636 30447
28886 54425
11292 39285
8640 10524
19599 44059
28870 47473
8117 22990
6495 8896
1107 6551
29966 35601
18851 28304
17286 41227
22685 42333
15889 34092
629 18208
31282 38014
6245 31226
24457 36049
12460 34553
13560 33395
15575 15767
2308 8038
21823 27823
31102 42012
24019 43252
7778 8617
26647 39148
7167 25985
30317 32360
8280 36526
1172 13688
20427 50310
31086 57572
25840 34532
26118 31786
1988 4067
13777 35567
8199 16146
13364 40440
9954 34347
2887 26024
15309 20307
8153 35311
176 21704
28340 32712
328 25118
20257 37935
10701 30458
16047 25758
4306 17218
6705 31993
6252 29916
26630 54034
10902 20195
6045 22428
