61 81
0 8 19 19 4 19 7 1 12 1 18 2 0 12 18 4 11 3 16 14 15 15 12 5 17 7 7 9 11 14 9 11 14 8 10 19 19 9 12 3 10 2 17 2 14 15 7 6 18 15 12 5 10 16 3 19 15 2 8 6 16 
1 52 61
2 75
2 9
1 34 1
2 27
1 48 27
1 60 70
2 50
2 95
2 92
2 79
1 47 51
1 56 6
1 1 69
1 16 5
2 11
1 59 76
1 44 49
1 21 37
1 46 80
2 100
1 47 19
1 26 46
2 31
1 17 73
1 52 28
1 24 31
2 94
2 10
2 45
1 38 2
1 60 88
2 49
1 48 32
1 32 26
2 10
2 94
2 91
1 21 41
1 29 46
1 55 55
2 18
2 31
1 2 86
2 72
2 87
1 39 35
1 32 50
2 19
1 25 79
1 60 83
2 33
2 46
1 61 16
2 61
2 51
2 51
2 3
1 43 52
2 18
1 8 49
2 83
1 13 81
1 24 65
1 8 60
1 38 100
2 35
1 16 98
2 33
1 18 75
1 4 54
2 78
2 64
1 29 11
2 6
2 97
1 44 46
2 87
2 90
1 44 87
1 31 70
