4085444.909090909200
33540486.136363637000
224462.209302325590
11767909.465116279000
46817592.674418606000
19226669.357142858000
11869323.857142856000
41245493.333333336000
41338394.790697671000
50101868.418604650000
10431083.232558139000
32427031.651162792000
20567671.930232558000
34070055.674418606000
32346290.047619049000
5077256.219512195300
26201231.833333332000
21865541.547619049000
38745827.659090906000
27045970.595238097000
7310069.634146341100
42670197.409090906000
38667882.613636367000
21559580.928571429000
32449279.666666668000
27240747.428571429000
34346920.857142858000
34059312.952380955000
15185816.609756097000
