2226428.469135802200
18226697.777777776000
127912.562500000000
6332515.462500000400
25171720.187500000000
10229129.658227848000
6317629.518987341800
21935339.873417720000
23091616.818181816000
28731694.199999999000
6179311.000000000000
19925445.014285713000
12640409.757142857000
20934731.199999999000
19695115.536231883000
3067445.514705882400
16189209.705882354000
13712610.910447761000
24363694.134328358000
17216853.242424242000
4616836.984615384600
27348926.348484848000
24680716.484848484000
13725514.363636363000
20655322.651515152000
17340802.136363637000
21862912.500000000000
22013123.246153846000
9888067.365079365700
