STL     R-heap (pointers)   R-heap (arrays) 
1.796   1.797               1.750
1.687   1.734               1.718
1.703   1.734               1.734
1.687   1.735               1.718
1.687   1.765               1.750
1.703   1.750               1.719
1.703   1.750               1.718
1.703   1.703               1.719
1.718   1.703               1.734
1.718   1.719               1.720
1.703   1.703               1.718
1.703   1.750               1.718
1.734   1.703               1.718
1.672   1.718               1.718
1.687   1.734               1.718
1.687   1.687               1.703
1.750   1.781               1.719
1.703   1.718               1.766
1.703   1.750               1.718
1.609   