100
4 06004
1 22
6 0002001
6 0111001
6 0303001
6 0000002
3 0007
4 11211
6 6690021
0 1
6 1020112
6 8005009
2 061
6 2202101
0 1
0 1
2 161
6 0090061
6 0493122
2 111
6 9600601
6 5000001
3 0002
0 1
4 11111
3 1701
0 1
4 10069
6 5396611
4 12112
0 3
5 914951
6 3040201
5 170021
3 0001
6 0400001
1 51
1 22
6 6000001
6 0000001
6 9000031
0 3
6 7393103
5 960001
6 6000001
6 0083804
6 7000051
5 950001
6 1111111
6 0002211
6 0050001
6 7000001
4 00004
2 051
6 0120021
6 2101201
5 471392
6 9999999
3 5801
3 2021
6 0800001
1 01
6 0000001
4 30081
1 01
6 0790001
3 8001
6 4053001
6 6054056
6 1202202
2 804
0 1
3 3622
6 7040001
2 102
6 0000001
3 8001
6 8290664
6 9000901
1 09
6 8000051
6 2101201
6 5968681
6 2212221
3 2225
0 9
5 110011
6 7925366
6 7760005
6 9145064
0 1
4 11111
6 9530444
6 2111021
4 18071
6 5309286
3 0041
6 5000048
6 7453798
6 0101001
